0.0 0.5 0.0 -0.5 0.7
0.040032025620496396 0.498405378856 -0.0792884514822 -0.470543131181 0.771290574013
0.08006405124099279 0.493685395953 -0.156062880949 -0.438280225222 0.840117821291
0.1200960768614892 0.485950184702 -0.229852482623 -0.40331839416 0.906060121213
0.16012810248198558 0.47532832718 -0.300205367747 -0.365781270569 0.968712857132
0.200160128102482 0.46196610018 -0.366691242649 -0.325808329455 1.0276908146
0.2401921537229784 0.446026522864 -0.428904158452 -0.283554032771 1.08263064366
0.28022417934347477 0.427688333067 -0.486464984458 -0.239186910158 1.1331930736
0.32025620496397117 0.407144869952 -0.539023721096 -0.192888555841 1.17906498414
0.3602882305844676 0.384602796462 -0.586261719138 -0.144852481913 1.2199613926
0.400320256204964 0.360281055601 -0.627893315238 -0.095283181616 1.25562691834
0.4403522818254604 0.334409330535 -0.663667739588 -0.0443947475337 1.28583749096
0.4803843074459568 0.30722623161 -0.693371662961 0.00759075541692 1.31040263093
0.5204163330664532 0.278978537404 -0.716828560164 0.0604439702505 1.3291648794
0.5604483586869495 0.249919235388 -0.73390106493 0.113930006186 1.34200190685
0.600480384307446 0.220305958492 -0.744491733696 0.167809841155 1.34882719673
0.6405124099279423 0.190399482773 -0.748543287478 0.221841669316 1.34959026192
0.6805444355484388 0.160462045603 -0.746039211772 0.275782409776 1.34427718161
0.7205764611689351 0.130755733532 -0.737003740178 0.329389152671 1.33291058643
0.7606084867894315 0.101540848268 -0.721501741252 0.3824206249 1.31554955682
0.800640512409928 0.0730742891384 -0.699638295866 0.434638641068 1.29228924427
0.8406725380304243 0.0456079508426 -0.671558127659 0.485809540739 1.26326036097
0.8807045636509208 0.0193871576882 -0.637444601193 0.535705592992 1.22862828235
0.9207365892714171 -0.00535085923227 -0.597518644622 0.584106362515 1.18859208202
0.9607686148919136 -0.0283784467422 -0.552037417278 0.630800041556 1.14338333818
1.00080064051241 -0.0494789467688 -0.501292699403 0.675584721385 1.09326469135
1.0408326661329064 -0.0684480373979 -0.445609082976 0.718269595576 1.03852822379
1.0808646917534028 -0.0850950195131 -0.38534201875 0.758676114543 0.9794937103
1.120896717373899 -0.0992440207636 -0.320875643651 0.796639066031 0.916506672236
1.1609287429943955 -0.110735050499 -0.2526203235 0.832007522111 0.849936176574
1.200960768614892 -0.119425047382 -0.18101024527 0.864645779633 0.780172679369
1.2409927942353882 -0.125188760833 -0.106500698997 0.894434151836 0.70762559125
1.2810248198558847 -0.127919542599 -0.0295652916405 0.92126967946 0.632720781972
1.3210568454763811 -0.127530022211 0.0493069627867 0.945066737869 0.555897974152
1.3610888710968776 -0.123952663514 0.129614645822 0.965757537639 0.477608053942
1.4011208967173738 -0.117140202451 0.210847012344 0.983292518811 0.398310314362
1.4411529223378703 -0.107065957296 0.292487127691 0.997640630884 0.318469645488
1.4811849479583667 -0.093724000404 0.374015051282 1.00878948878 0.238553682979
1.521216973578863 -0.0771292333609 0.454911013504 1.01674544228 0.159029962622
1.5612489991993594 -0.0573173086929 0.53465861669 1.02153350806 0.0803630532836
1.601281024819856 -0.0343444300859 0.612748005664 1.02319719282 0.00301171710313
1.6413130504403524 -0.00828702845163 0.688678999897 1.02179820536 -0.0725738959603
1.6813450760608486 0.0207586873719 0.761964166329 1.01741605622 -0.145955000459
1.721377101681345 0.0526773008038 0.832131813814 1.01014754911 -0.216706857616
1.7614091273018415 0.0873348759811 0.898728889733 1.00010616641 -0.2844213699
1.801441152922338 0.124579760227 0.961323766003 0.987421352517 -0.348709576568
1.8414731785428342 0.164243495228 1.01950889132 0.972237699842 -0.409204029438
1.8815052041633307 0.20614183154 1.07290329666 0.954714042212 -0.465561037249
1.9215372297838271 0.2500758402 1.12115493802 0.935022461333 -0.517462764366
1.9615692554043234 0.295833114673 1.16394286197 0.913347212286 -0.564619170692
2.00160128102482 0.343189055528 1.20097918041 0.88988357494 -0.606769780897
2.0416333066453163 0.391908229782 1.23201084143 0.864836638445 -0.643685270956
2.0816653322658127 0.441745797615 1.25682118668 0.838420025384 -0.67516886357
2.121697357886309 0.492449005664 1.27523128337 0.81085455625 -0.701057521803
2.1617293835068057 0.54375869772 1.28710106695 0.782366898336 -0.721222973139
2.2017614091273017 0.595410912972 1.29233012887 0.75318813615 -0.735572415832
2.241793434747798 0.647138463932 1.29085848094 0.723552360043 -0.744049204192
2.2818254603682946 0.698672589228 1.2826667382 0.693695187705 -0.746633013249
2.321857485988791 0.749744560678 1.26777639762 0.663852326605 -0.74334008922
2.3618895116092875 0.800087331197 1.24624969051 0.634258099823 -0.734223118261
2.401921537229784 0.849437150386 1.21818910417 0.605144000761 -0.719370799033
2.4419535628502804 0.89753516031 1.18373683444 0.576737265583 -0.698907353393
2.4819855884707764 0.944128974409 1.1430738977 0.549259460711 -0.672991732167
2.522017614091273 0.988974273267 1.09641961172 0.522925055286 -0.641817151183
2.5620496397117694 1.03183615106 1.04402923171 0.497940216581 -0.605608975382
2.602081665332266 1.07249070977 0.98619259074 0.474501383742 -0.564623502355
2.6421136909527623 1.11072629354 0.923232910327 0.452794163734 -0.519146898168
2.6821457165732587 1.14634477956 0.855504729659 0.432992176557 -0.469493344021
2.722177742193755 1.17916288154 0.783391193032 0.415255889118 -0.416002608237
2.762209767814251 1.20901312806 0.707302380549 0.39973174027 -0.359038552403
2.8022417934347477 1.23574503783 0.627672254323 0.386551089478 -0.298986397805
2.842273819055244 1.2592258798 0.544956375656 0.37582953713 -0.236250682212
2.8823058446757406 1.27934154909 0.45962899767 0.367666141208 -0.171252657423
2.922337870296237 1.29599728057 0.372180115347 0.362142779177 -0.104427648677
2.9623698959167335 1.30911814586 0.283112585762 0.359323703884 -0.0362224769217
3.00240192153723 1.31864961429 0.192938807339 0.359255042068 0.0329075137917
3.042433947157726 1.3245577627 0.102177927142 0.361964607284 0.102500956068
3.0824659727782224 1.32682953179 0.011352503345 0.367461671182 0.172093446791
3.122497998398719 1.32547280573 -0.0790147089645 0.37573689289 0.241220424304
3.1625300240192153 1.32051634699 -0.168403923064 0.386762378117 0.309420001778
3.202562049639712 1.31200961368 -0.256301496835 0.400491843322 0.376235810385
3.2425940752602083 1.3000224504 -0.342203072798 0.416860893189 0.441219810058
3.2826261008807047 1.28464465494 -0.425616654884 0.435787409167 0.503935043583
3.322658126501201 1.265985408 -0.506065666544 0.457172060719 0.563958373962
3.362690152121697 1.24417264325 -0.583091689142 0.480898869802 0.620882935559
3.4027221777421937 1.21935223779 -0.65625735098 0.506835936301 0.674320720026
3.44275420336269 1.19168705731 -0.725149331307 0.53483629346 0.723905265113
3.4827862289831866 1.16135604063 -0.789380324602 0.564738727938 0.769293412729
3.522818254603683 1.12855305036 -0.8485917208 0.596368809331 0.810167707818
3.5628502802241795 1.09348569971 -0.902455736869 0.629539941048 0.846238306044
3.602882305844676 1.05637407709 -0.950677419587 0.664054502535 0.877244766129
3.642914331465172 1.01744937469 -0.992996402227 0.699705077575 0.902957621814
3.6829463570856684 0.976952447583 -1.02918836654 0.736275744625 0.92317968991
3.722978382706165 0.935132496897 -1.05906695657 0.773543256238 0.937747782994
3.7630104083266613 0.892245457874 -1.08248458118 0.811278482456 0.946533426891
3.803042433947158 0.848552243511 -1.09933278568 0.84924798348 0.949443192389
3.8430744595676543 0.804317170641 -1.10954343135 0.8872154191 0.946419750315
3.8831064851881507 0.75980675718 -1.11308927067 0.92494262573 0.937442385577
3.9231385108086467 0.715287661698 -1.10998374113 0.962191461212 0.922526811365
3.963170536429143 0.671025154694 -1.10028095694 0.998725173577 0.901725160623
4.00320256204964 0.62728165005 -1.08407551832 1.03430971593 0.875125814191
4.0432345876701365 0.584314808018 -1.06150174352 1.06871544482 0.842852711949
4.083266613290633 0.542376283794 -1.03273293052 1.10171824058 0.805064690558
4.123298638911129 0.501709974795 -0.997980266468 1.13310107649 0.761954505849
4.1633306645316255 0.462550575844 -0.95749152105 1.16265531211 0.713747661581
4.2033626901521215 0.425122210779 -0.911549500973 1.19018191826 0.660701024406
4.243394715772618 0.389636892005 -0.860470265573 1.21549285589 0.603101224872
4.283426741393114 0.356293470916 -0.804601314692 1.23841201546 0.541263033614
4.323458767013611 0.325276236081 -0.744319295295 1.2587764716 0.475527306584
4.363490792634107 0.296753819534 -0.680027722721 1.27643746189 0.406258943392
4.403522818254603 0.270878276048 -0.612154611911 1.29126121069 0.333844765049
4.4435548438751 0.247784054883 -0.541149716291 1.30312984915 0.258691040357
4.483586869495596 0.227587206744 -0.467481809095 1.31194212465 0.181221050327
4.523618895116093 0.210384659621 -0.391635736421 1.31761404841 0.101872448186
4.563650920736589 0.196253697785 -0.314109568668 1.32007936124 0.0210947074897
4.603682946357086 0.185251427032 -0.235411369852 1.31929001149 -0.0606537719382
4.643714971977582 0.177414479093 -0.156056229474 1.31521641879 -0.142908322952
4.683746997598078 0.172758775887 -0.0765630079798 1.30784768421 -0.225200926494
4.723779023218575 0.17127944445 0.00254884018791 1.29719166541 -0.307063057514
4.763811048839071 0.172950858066 0.0807624558867 1.28327493875 -0.388028541944
4.803843074459568 0.177726804218 0.157566753451 1.26614264779 -0.467636403701
4.843875100080064 0.185540778764 0.232459563968 1.24585823874 -0.545433680428
4.883907125700561 0.196306410042 0.304950741003 1.22250307946 -0.620978205615
4.923939151321057 0.209918009258 0.374565194797 1.19617596543 -0.693841326651
4.963971176941553 0.226251147261 0.440845455826 1.16699260208 -0.763610201297
5.00400320256205 0.245163568725 0.503355264738 1.1350847846 -0.829891013624
5.044035228182546 0.266495994313 0.561681592443 1.10059967852 -0.892310783704
5.084067253803043 0.290073100359 0.615437400358 1.06369894098 -0.950519840365
5.124099279423539 0.315704643224 0.664263990798 1.02455771247 -1.00419392685
5.164131305044036 0.343186628967 0.707833230024 0.983363568004 -1.05303619245
5.204163330664532 0.372302555687 0.745849601412 0.940315403076 -1.09677903196
5.244195356285028 0.402824796173 0.778051960118 0.895622194053 -1.13518565791
5.2842273819055245 0.434516008729 0.804215072172 0.84950173322 -1.16805147958
5.324259407526021 0.467130499177 0.824151386238 0.802179407606 -1.19520569058
5.3642914331465175 0.500415806058 0.837711917696 0.753886777799 -1.21651206129
5.4043234587670135 0.534114414429 0.844786873675 0.704860041553 -1.23186949946
5.44435548438751 0.567965272738 0.845306648982 0.655338673805 -1.24121294287
5.484387510008006 0.601705142226 0.839242460023 0.605564216667 -1.24451392786
5.524419535628502 0.635070619803 0.826606125693 0.555778466092 -1.24178039388
5.564451561248999 0.667799482099 0.807450271504 0.506222266597 -1.23305686713
5.604483586869495 0.69963250743 0.781867906339 0.457133877858 -1.2184240823
5.644515612489992 0.730314944987 0.749991878465 0.408747657236 -1.19799849625
5.684547638110488 0.759598147428 0.711994082881 0.361292595938 -1.17193157894
5.724579663730985 0.787241127736 0.668084407446 0.314990922956 -1.14040887047
5.764611689351481 0.813012019368 0.61850943237 0.270056795594 -1.1036488172
5.804643714971977 0.836689595819 0.563550924784 0.226694936745 -1.06190142441
5.844675740592474 0.858064504369 0.503524178414 0.185099528099 -1.01544677022
5.88470776621297 0.876940722513 0.438775988135 0.145452903894 -0.964593192483
5.924739791833467 0.89313665794 0.369682639454 0.107924563861 -0.909675489129
5.964771817453963 0.90648636615 0.296647513074 0.0726700807776 -0.851052773716
6.00480384307446 0.916840533305 0.220098692937 0.0398302182356 -0.789106334129
6.044835868694956 0.924067439162 0.140486293166 0.00953006621464 -0.724237239535
6.084867894315452 0.928053794418 0.0582797037533 -0.018121710902 -0.65686387455
6.124899919935949 0.928705408157 -0.0260352024837 -0.0430334741998 -0.587419438717
6.164931945556445 0.925947828868 -0.111959113003 -0.0651311864578 -0.51634922204
6.204963971176942 0.919726826028 -0.198982346912 -0.0843588456348 -0.444107855184
6.244995996797438 0.910008719438 -0.286587916538 -0.100678782029 -0.371156568439
6.285028022417935 0.896780616383 -0.374254735969 -0.114071872928 -0.297960319056
6.325060048038431 0.880050515182 -0.461460770683 -0.124537637628 -0.224984971318
6.365092073658927 0.85984728133 -0.547686288183 -0.132094218388 -0.152694386153
6.405124099279424 0.836220483236 -0.632416970849 -0.136778235664 -0.0815476341001
6.44515612489992 0.809240117114 -0.71514713341 -0.138644544115 -0.0119961145801
6.4851881505204165 0.778996200909 -0.795382756722 -0.137765871331 0.0555191603578
6.5252201761409125 0.745598243819 -0.872644563866 -0.134232345196 0.120570320207
6.5652522017614094 0.709174596923 -0.946470916307 -0.128150914788 0.182745229061
6.6052842273819055 0.669871691957 -1.01642066067 -0.119644671137 0.24165003446
6.645316253002402 0.627853164005 -1.08207582705 -0.108852064042 0.296911583321
6.685348278622898 0.583298877249 -1.14304417392 -0.0959260321046 0.3481797005
6.725380304243394 0.536403836075 -1.19896161724 -0.0810330301009 0.395129363709
6.765412329863891 0.487377027884 -1.24949442062 -0.0643519952146 0.437462664419
6.805444355484387 0.436440147955 -1.29434128334 -0.0460732076662 0.474910677409
6.845476381104884 0.383826286275 -1.33323513479 -0.0263971172884 0.507235067322
6.88550840672538 0.329778492635 -1.36594483059 -0.00553306110791 0.53422960731
6.925540432345877 0.274548348291 -1.39227649672 0.0163020131929 0.555721382419
6.965572457966373 0.218394409011 -1.41207478025 0.0388849389645 0.571571909393
7.005604483586869 0.16158068193 -1.42522374854 0.0619876920126 0.581677941699
7.045636509207366 0.104374994844 -1.43164764153 0.0853788483104 0.585972142996
7.085668534827862 0.047047414057 -1.43131129653 0.108824998252 0.584423467408
7.125700560448359 -0.0101314186677 -1.42422039302 0.132092233315 0.577037378569
7.165732586068855 -0.0668918935126 -1.41042139523 0.154947582912 0.563855798117
7.205764611689352 -0.122967082553 -1.39000128154 0.177160489316 0.544956863253
7.245796637309848 -0.178094335367 -1.36308699891 0.198504233939 0.520454438161
7.285828662930344 -0.232016874699 -1.32984469336 0.218757363643 0.490497424814
7.325860688550841 -0.284485341031 -1.29047868383 0.237705071309 0.455268844086
7.365892714171337 -0.335259282408 -1.24523022419 0.255140527371 0.414984727129
7.405924739791834 -0.384108642359 -1.19437600092 0.270866209652 0.369892770039
7.44595676541233 -0.430815142399 -1.13822644289 0.284695138791 0.320270820395
7.485988791032827 -0.475173511091 -1.07712385687 0.296451976284 0.266425207619
7.526020816653323 -0.516992854368 -1.01144023938 0.305974249003 0.208688783634
7.566052842273819 -0.556097661215 -0.941575133715 0.313113247209 0.147419003908
7.606084867894316 -0.59232898282 -0.867953025905 0.317735077886 0.0829955957355
7.646116893514812 -0.625545282254 -0.791020885927 0.319721423066 0.0158183565284
7.6861489191353085 -0.655623329817 -0.711245329292 0.318970339041 -0.0536953877781
7.7261809447558045 -0.682458949929 -0.629109742053 0.315396922633 -0.12511335707
7.766212970376301 -0.705967551624 -0.545111490838 0.308933783721 -0.197990815237
7.806244995996797 -0.726084701151 -0.459758715127 0.299531555446 -0.271873442428
7.8462770216172935 -0.742766495927 -0.373567200797 0.287159226558 -0.346300134519
7.88630904723779 -0.755989757494 -0.28705733005 0.2718043117 -0.420805734157
7.926341072858286 -0.765752182416 -0.20075082594 0.253472984017 -0.494923945716
7.966373098478783 -0.772072333262 -0.115167560139 0.232190064596 -0.568190193612
8.00640512409928 -0.774989489396 -0.0308223922646 0.207998886363 -0.640144452331
8.046437149719775 -0.774563386722 0.0517780046795 0.180961058563 -0.710334088875
8.086469175340273 -0.770873831747 0.132138235409 0.151156118702 -0.778316630457
8.126501200960769 -0.764020185617 0.209777216896 0.118681068063 -0.843662481523
8.166533226581265 -0.754120730403 0.284231131628 0.0836498018049 -0.905957567973
8.206565252201761 -0.7413119259 0.355056249439 0.0461924410165 -0.964805863675
8.246597277822257 -0.725747541915 0.421831686586 0.0064545533036 -1.01983186075
8.286629303442755 -0.707597703239 0.484161920747 -0.0354037048024 -1.07068282131
8.326661329063251 -0.687047815811 0.541679236243 -0.0792085518123 -1.11703096663
8.366693354683747 -0.66429741349 0.59404600388 -0.124773616321 -1.15857551828
8.406725380304243 -0.639558908607 0.640956697671 -0.171901058189 -1.19504450357
8.446757405924739 -0.613056270326 0.682139805252 -0.220382754358 -1.22619646581
8.486789431545237 -0.585023626967 0.717359455113 -0.270001552732 -1.25182192093
8.526821457165733 -0.555703813256 0.746416881521 -0.320532575358 -1.2717446688
8.566853482786229 -0.525346856357 0.769151623192 -0.371744576396 -1.28582286606
8.606885508406725 -0.49420842437 0.785442504988 -0.423401333694 -1.29394990463
8.646917534027223 -0.46254823632 0.795208373955 -0.475263074811 -1.29605507029
8.686949559647719 -0.430628451361 0.798408596278 -0.527087921627 -1.29210398704
8.726981585268215 -0.398712038855 0.795043295336 -0.578633352074 -1.28209882972
8.76701361088871 -0.3670611478 0.785153346601 -0.629657662399 -1.26607831878
8.807045636509207 -0.335935478372 0.768820119232 -0.679921427534 -1.24411748826
8.847077662129704 -0.305590671495 0.746164977725 -0.729188945274 -1.21632723886
8.8871096877502 -0.276276721009 0.71734852399 -0.777229660209 -1.18285365856
8.927141713370697 -0.248236422172 0.682569609062 -0.823819555087 -1.14387713697
8.967173738991193 -0.221703864488 0.642064107613 -0.868742502447 -1.09961126718
9.007205764611689 -0.196902981635 0.596103469095 -0.911791565109 -1.05030154765
9.047237790232186 -0.174046151622 0.544993038545 -0.952770251643 -0.996223877787
9.087269815852682 -0.153332878332 0.489070180549 -0.99149369893 -0.937682877221
9.127301841473178 -0.134948577218 0.428702230839 -1.02778976143 -0.875010050771
9.167333867093674 -0.119063341822 0.364284145289 -1.0615001176 -0.808561682375
9.207365892714172 -0.105831001064 0.296236220994 -1.09248111587 -0.738716793569
9.247397918334668 -0.095388062697 0.225001368249 -1.12060472255 -0.665874699801
9.287429943955164 -0.0878528849298 0.151042442383 -1.14575926543 -0.590452620322
9.32746196957566 -0.0833249922779 0.0748394873755 -1.16785004804 -0.512883209064
9.367493995196156 -0.0818843301224 -0.00311345663702 -1.18680001898 -0.433611694988
9.407526020816654 -0.0835908806556 -0.0823111073779 -1.20255011741 -0.353093415061
9.44755804643715 -0.0884842475269 -0.162240140571 -1.21505964662 -0.271790947721
9.487590072057646 -0.0965833425323 -0.242382433897 -1.22430655623 -0.190171207098
9.527622097678142 -0.107886283761 -0.322218222669 -1.23028753489 -0.10870261628
9.567654123298638 -0.122370427465 -0.401229202 -1.23301798326 -0.0278523284777
9.607686148919136 -0.139992456869 -0.478901801527 -1.232531936 0.0519167063412
9.647718174539632 -0.160688636029 -0.554730318397 -1.22888183584 0.130148547906
9.687750200160128 -0.184375196401 -0.62822001536 -1.22213818884 0.206397040858
9.727782225780624 -0.210948840844 -0.698890179506 -1.21238911444 0.28022855474
9.767814251401122 -0.240287352061 -0.766277051678 -1.19973980191 0.351224608183
9.807846277021618 -0.272250337461 -0.829936723098 -1.18431184464 0.418984463746
9.847878302642114 -0.306680073219 -0.889447808029 -1.16624248557 0.483127522206
9.88791032826261 -0.343402468026 -0.944414094226 -1.14568375536 0.543295696975
9.927942353883106 -0.382228105091 -0.994466927287 -1.12280154048 0.599155550235
9.967974379503604 -0.422953409995 -1.03926754054 -1.09777453853 0.6504003803
10.0080064051241 -0.465361869196 -1.07850907264 -1.0707931682 0.696752029366
10.048038430744596 -0.509225365216 -1.11191851866 -1.04205837471 0.737962631672
10.088070456365092 -0.554305549738 -1.13925837107 -1.01178040117 0.773816083997
10.128102481985588 -0.600355307417 -1.16032811499 -0.980177478794 0.804129385701
10.168134507606085 -0.647120254567 -1.17496544559 -0.94747448576 0.828753729856
10.208166533226581 -0.694340292268 -1.18304728682 -0.913901557311 0.847575416624
10.248198558847077 -0.741751195606 -1.18449055058 -0.879692663472 0.860516534079
10.288230584467573 -0.789086217256 -1.17925265581 -0.845084173865 0.867535424122
10.328262610088071 -0.836077729817 -1.16733180271 -0.810313387796 0.868626929125
10.368294635708567 -0.882458839236 -1.14876698996 -0.775617090168 0.863822408403
10.408326661329063 -0.927965039994 -1.12363779014 -0.741230069972 0.853189538189
10.44835868694956 -0.972335799175 -1.09206386985 -0.707383702413 0.836831883015
10.488390712570055 -1.01531618654 -1.05420426575 -0.674304489783 0.814888248458
10.528422738190553 -1.05665838802 -1.01025642569 -0.642212706722 0.787531823661
10.568454763811049 -1.09612326541 -0.960454996626 -0.611321004004 0.75496909696
10.608486789431545 -1.13348177224 -0.905070416509 -0.581833141133 0.717438596096
10.648518815052041 -1.16851640099 -0.844407240325 -0.55394269079 0.675209390295
10.688550840672539 -1.20102246484 -0.778802317456 -0.527831891413 0.628579459245
10.728582866293035 -1.23080939694 -0.708622696367 -0.503670484044 0.577873817897
10.768614891913531 -1.25770186976 -0.634263433523 -0.481614710252 0.523442555499
10.808646917534027 -1.28154091204 -0.556145127964 -0.461806312148 0.465658628975
10.848678943154523 -1.30218483938 -0.474711413159 -0.44437169926 0.40491561804
10.88871096877502 -1.31951016043 -0.390426184712 -0.42942113721 0.341625243784
10.928742994395517 -1.33341229762 -0.303770833714 -0.417048102356 0.276214892311
10.968775020016013 -1.34380625995 -0.215241236311 -0.407328679426 0.20912492007
11.008807045636509 -1.35062713512 -0.12534479542 -0.400321120839 0.140806005893
11.048839071257005 -1.35383050788 -0.0345972884229 -0.396065471993 0.0717163292806
11.088871096877503 -1.35339272467 0.0564802605843 -0.394583334232 0.00231877068317
11.128903122497999 -1.34931104254 0.147364767946 -0.395877731377 -0.0669219414189
11.168935148118495 -1.34160364501 0.237534293274 -0.399933095328 -0.135542097469
11.20896717373899 -1.3303095348 0.326471207301 -0.406715361909 -0.203081842467
11.248999199359488 -1.31548829676 0.413665391716 -0.416172182924 -0.269088040251
11.289031224979984 -1.29721973577 0.498617304031 -0.428233250065 -0.333117016913
11.32906325060048 -1.27560338863 0.58084109028 -0.442810731681 -0.394737347054
11.369095276220976 -1.2507579226 0.659867485633 -0.459799810976 -0.453532450117
11.409127301841473 -1.22282040536 0.735246749847 -0.479079339311 -0.509103217933
11.44915932746197 -1.19194547736 0.806551346645 -0.50051257684 -0.561070412944
11.489191353082466 -1.15830440998 0.873378579454 -0.523948035426 -0.609077027368
11.529223378702962 -1.12208406356 0.935353030988 -0.549220411086 -0.652790466705
11.569255404323458 -1.0834856941 0.992129045413 -0.576151652007 -0.691904771379
11.609287429943954 -1.04272379886 1.04339260231 -0.60455199158 -0.726142293751
11.649319455564452 -1.0000248047 1.08886319279 -0.634221122304 -0.75525537709
11.689351481184948 -0.955625625749 1.12829561893 -0.664949486603 -0.779027965825
11.729383506805444 -0.909772274 1.16148163605 -0.696519520222 -0.797277075137
11.76941553242594 -0.86271834838 1.18825107379 -0.728707004425 -0.8098537938
11.809447558046438 -0.814723478023 1.20847271785 -0.761282459128 -0.816644072696
11.849479583666934 -0.766051745014 1.22205545519 -0.794012554394 -0.817569749282
11.88951160928743 -0.716970068809 1.22894857726 -0.826661556195 -0.812588818077
11.929543634907926 -0.667746575512 1.22914203027 -0.858992785703 -0.801695653784
11.969575660528422 -0.618648992526 1.22266673216 -0.890770055804 -0.784921294053
12.00960768614892 -0.569942988428 1.20959417389 -0.921759156638 -0.762333081466
12.049639711769416 -0.521890557012 1.19003599028 -0.951729301532 -0.734034278206
12.089671737389912 -0.474748441749 1.16414334085 -0.980454536711 -0.700163510627
12.129703763010408 -0.428766552279 1.13210585971 -1.0077151581 -0.660893827902
12.169735788630904 -0.384186451029 1.094150529 -1.03329906529 -0.616431692246
12.209767814251402 -0.341239895223 1.05054040835 -1.05700306586 -0.567015840198
12.249799839871898 -0.300147424565 1.00157281486 -1.07863413877 -0.512915651824
12.289831865492394 -0.261117016037 0.947577587557 -1.09801063762 -0.454429595717
12.32986389111289 -0.224342813274 0.888915100156 -1.11496342703 -0.391883448423
12.369895916733388 -0.190003971942 0.825973907664 -1.12933691523 -0.325628186154
12.409927942353884 -0.158263561366 0.759168468188 -1.1409900361 -0.256037943776
12.44995996797438 -0.129267582297 0.688936610129 -1.14979712726 -0.183507745822
12.489991993594876 -0.103144102427 0.615736761202 -1.15564870269 -0.108451024239
12.530024019215372 -0.080002450273 0.540045178786 -1.15845217297 -0.0312971373418
12.57005604483587 -0.0599325874769 0.462352980205 -1.15813240577 0.0475112903908
12.610088070456365 -0.0430045734059 0.383163129882 -1.15463220371 0.127521067114
12.650120096076861 -0.0292681313015 0.302987428212 -1.14791269109 0.20827113087
12.690152121697357 -0.0187523984576 0.222343273064 -1.13795353596 0.289295450436
12.730184147317853 -0.0114657258064 0.141750519157 -1.12475312784 0.370125838508
12.770216172938351 -0.00739564659127 0.0617282782562 -1.10832860394 0.450294817876
12.810248198558847 -0.0065090041834 -0.0172082937184 -1.08871573296 0.529338499289
12.850280224179343 -0.00875213903965 -0.0945511189461 -1.0659687458 0.606799378165
12.89031224979984 -0.0140512350609 -0.169802311018 -1.04016002351 0.682229123256
12.930344275420337 -0.0223128123554 -0.242477298943 -1.01137965419 0.755191374894
12.970376301040833 -0.0334243125359 -0.312107783697 -0.979734906881 0.825264393256
13.010408326661329 -0.0472547952276 -0.378244566002 -0.945349605911 0.892043591306
13.050440352281825 -0.063655770937 -0.440460344956 -0.908363383097 0.955144041626
13.090472377902321 -0.0824621259019 -0.498352359215 -0.868930847535 1.01420284223
13.130504403522819 -0.103493154948 -0.551544836861 -0.827220658653 1.06888131106
13.170536429143315 -0.126553690633 -0.599691301914 -0.783414513013 1.11886705206
13.210568454763811 -0.151435316385 -0.64247672173 -0.737706055873 1.1638758788
13.250600480384307 -0.177917666985 -0.679619440067 -0.690299714504 1.20365354613
13.290632506004805 -0.205769798287 -0.710872902225 -0.641409469489 1.23797729559
13.3306645316253 -0.234751625931 -0.736027171775 -0.591257564206 1.26665721425
13.370696557245797 -0.264615414694 -0.754910234349 -0.54007316895 1.28953740277
13.410728582866293 -0.295107321317 -0.767389046814 -0.488090997143 1.30649691553
13.450760608486789 -0.325968970005 -0.773370362838 -0.435549892263 1.31745050039
13.490792634107287 -0.356939059208 -0.772801307968 -0.382691386737 1.32234911425
13.530824659727783 -0.387754984571 -0.765669708954 -0.329758246343 1.32118021843
13.570856685348279 -0.418154470863 -0.752004173289 -0.276993006543 1.31396785042
13.610888710968775 -0.447877201896 -0.73187391824 -0.224636510596 1.30077247122
13.65092073658927 -0.476666436085 -0.705388351952 -0.17292646052 1.28169059074
13.690952762209768 -0.504270599018 -0.672696408843 -0.12209598861 1.25685417305
13.730984787830264 -0.530444878679 -0.633985631166 -0.0723722265738 1.2264298144
13.77101681345076 -0.554952692203 -0.58948104417 -0.0239749896849 1.19061773633
13.811048839071256 -0.577567204607 -0.539443758301 0.0228845856214 1.1496505344
13.851080864691754 -0.598072796403 -0.484169347484 0.0680053583959 1.10379172627
13.89111289031225 -0.616266248177 -0.423986119421 0.111197246373 1.05333420322
13.931144915932746 -0.631958113532 -0.359253043641 0.152282457872 0.998598375031
13.971176941553242 -0.644973919379 -0.290357581761 0.191096569108 0.939930227379
14.011208967173738 -0.655155260568 -0.217713276079 0.227489506885 0.877699162744
14.051240992794236 -0.662360718434 -0.141757279583 0.261326373626 0.812295788869
14.091273018414732 -0.66646682426 -0.062947607277 0.29248831264 0.744129457634
14.131305044035228 -0.667368810844 0.0182395918202 0.320873183643 0.67362582242
14.171337069655724 -0.664981300963 0.101313028739 0.346396181788 0.601224157209
14.21136909527622 -0.659238817328 0.185769212295 0.368990296844 0.527374726101
14.251401120896718 -0.650096242898 0.271095606447 0.388606727941 0.45253595614
14.291433146517214 -0.637529102642 0.356773692071 0.40521513842 0.377171695723
14.33146517213771 -0.621533752361 0.442282221232 0.418803827474 0.301748300608
14.371497197758206 -0.602127407715 0.527100341841 0.429379758693 0.226731835969
14.411529223378704 -0.579348078264 0.610710850163 0.43696850356 0.152585163943
14.4515612489992 -0.553254351202 0.69260330426 0.44161405035 0.0797651556913
14.491593274619696 -0.523925061657 0.77227721979 0.443378511465 0.00871982969003
14.531625300240192 -0.491458828453 0.84924504936 0.442341710275 -0.0601143161746
14.571657325860688 -0.455973476667 0.923035268796 0.43860066661 -0.126315068271
14.611689351481186 -0.417605343904 0.993195168226 0.432268978107 -0.189476996579
14.651721377101682 -0.376508460179 1.05929373021 0.423476088384 -0.249214032003
14.691753402722178 -0.332853641012 1.12092416397 0.412366477498 -0.305161735754
14.731785428342674 -0.286827446947 1.17770651012 0.39909873278 -0.35697963189
14.77181745396317 -0.238631088886 1.2292898599 0.383844571146 -0.404353194678
14.811849479583667 -0.188479189167 1.27535461692 0.366787732237 -0.446995874002
14.851881505204164 -0.1365985254 1.31561434902 0.348122856102 -0.484650753798
14.89191353082466 -0.0832266243661 1.34981765007 0.328054226623 -0.517092219361
14.931945556445156 -0.0286103763836 1.37774958278 0.306794533248 -0.54412724955
14.971977582065653 0.0269955035841 1.39923309038 0.284563495494 -0.565596681018
15.01200960768615 0.0833299563232 1.41412999681 0.261586539812 -0.581376104106
15.052041633306645 0.140127229058 1.42234194605 0.23809332396 -0.591376704182
15.092073658927141 0.197118413927 1.42381094777 0.214316361847 -0.595545750454
15.132105684547637 0.254033083182 1.41851970667 0.190489561747 -0.593866891167
15.172137710168135 0.310600942959 1.40649178245 0.166846747891 -0.58636029711
15.212169735788631 0.366553471167 1.38779148485 0.143620196251 -0.573082567885
15.252201761409127 0.421625505711 1.36252336569 0.121039214795 -0.554126277371
15.292233787029623 0.475556887339 1.33083171431 0.0993286748217 -0.529619522166
15.33226581265012 0.528094001973 1.29289956369 0.0787076322754 -0.499725031991
15.372297838270617 0.5789913238 1.24894764192 0.0593879483851 -0.46463923106
15.412329863891113 0.628012897639 1.19923300823 0.0415729646521 -0.424591017067
15.452361889511609 0.674933759415 1.14404746015 0.0254562332529 -0.379840335181
15.492393915132105 0.719541292036 1.08371577654 0.0112203052711 -0.330676605204
15.532425940752603 0.761636502483 1.01859368671 -0.00096441053722 -0.277416903311
15.572457966373099 0.801035229451 0.949065755009 -0.0109407268044 -0.220404068209
15.612489991993595 0.837569238468 0.875542982827 -0.0185656558669 -0.160004554257
15.652522017614091 0.871087239522 0.798460307802 -0.0237113187155 -0.096606192523
15.692554043234587 0.901455788399 0.718273949382 -0.0262657498168 -0.0306158142889
15.732586068855085 0.928560077045 0.635458586264 -0.0261336025933 0.037543275985
15.77261809447558 0.952304632824 0.550504509647 -0.0232367733302 0.107433849327
15.812650120096077 0.972613865445 0.463914568215 -0.0175148887036 0.178607487412
15.852682145716573 0.989432517526 0.376201118683 -0.00892570703326 0.250607312725
15.89271417133707 1.00272597937 0.287882881239 0.00255460202984 0.322970803862
15.932746196957567 1.01248048138 0.199481768387 0.0169312873824 0.395232634638
15.972778222578063 1.0187031578 0.111519691476 0.0341909615172 0.466927533165
16.01281024819856 1.02142198241 0.0245153674295 0.0543016602205 0.537593140725
16.052842273819056 1.02068557654 -0.0610188543261 0.0772130166183 0.606772852548
16.09287429943955 1.01656289351 -0.144580126894 0.102856545789 0.674018624506
16.13290632506005 1.00914277583 -0.225678182189 0.131146043348 0.738893727182
16.172938350680546 0.998533389507 -0.303838328891 0.161978094003 0.800975429786
16.21297037630104 0.984861542914 -0.378604355528 0.195232683491 0.859857599091
16.253002401921538 0.968271890846 -0.449541320153 0.230773913292 0.915153196817
16.293034427542032 0.94892602896 -0.516238208796 0.268450813458 0.966496659478
16.33306645316253 0.927001486583 -0.578310449706 0.308098246436 1.01354614908
16.373098478783028 0.902690618758 -0.635402261336 0.34953790108 1.05598565493
16.413130504403522 0.876199410448 -0.687188826465 0.392579365303 1.09352693973
16.45316253002402 0.847746196458 -0.733378275646 0.437021274164 1.12591131494
16.493194555644514 0.817560306194 -0.773713468639 0.482652525229 1.15291123517
16.533226581265012 0.785880634186 -0.807973532627 0.52925356038 1.17433167482
16.57325860688551 0.7529541478 -0.835975143848 0.576597703818 1.19001127494
16.613290632506004 0.71903446036 -0.857574083051 0.624452441547 1.19982373522
16.653322658126502 0.684380159514 -0.872665619117 0.672580919854 1.20367815669
16.693354683746996 0.649253134993 -0.881185102155 0.720743444357 1.20151957192
16.733386709367494 0.613917025534 -0.883108597765 0.768698872366 1.19332951212
16.77341873498799 0.578635770098 -0.87845311779 0.816205911785 1.17912621288
16.813450760608486 0.543671647521 -0.867276161166 0.863024878011 1.1589642021
16.853482786228984 0.509283947308 -0.849675675036 0.908918885713 1.13293426423
16.893514811849478 0.475727164298 -0.825789284828 0.953655466886 1.10116274992
16.933546837469976 0.443249521239 -0.795793466862 0.99700789523 1.06381083415
16.973578863090474 0.41209145949 -0.759902485968 1.03875653905 1.02107356392
17.013610888710968 0.382484042284 -0.718367046201 1.07869029241 0.973178649055
17.053642914331466 0.354647669854 -0.671472760611 1.11660772699 0.920385090925
17.09367493995196 0.328790549799 -0.619538334118 1.15231846304 0.862981554269
17.133706965572458 0.30510757134 -0.562913705262 1.18564417872 0.801284702184
17.173738991192955 0.283778999537 -0.501977794769 1.21641978049 0.735637179003
17.21377101681345 0.264969368089 -0.437136198633 1.24449439571 0.666405543492
17.253803042433947 0.248826528132 -0.368818762608 1.26973222553 0.593978095838
17.293835068054445 0.235480640671 -0.297476817361 1.29201344814 0.518762400758
17.33386709367494 0.225043450578 -0.223580536402 1.31123486989 0.441182920549
17.373899119295437 0.217607511557 -0.147615878932 1.32731062026 0.361678276427
17.41393114491593 0.213245692694 -0.0700817947345 1.34017259466 0.280698744515
17.45396317053643 0.212010656795 0.00851303734778 1.34977092242 0.198703334163
17.493995196156927 0.213934563325 0.0876532162034 1.3560742336 0.116157094368
17.53402722177742 0.219028877546 0.166819752536 1.35906983073 0.0335283061971
17.57405924739792 0.227284254109 0.24549337834 1.35876379374 -0.0487144818535
17.614091273018413 0.238670603313 0.323157704119 1.35518092137 -0.130105282163
17.65412329863891 0.253137284648 0.399302342284 1.34836455845 -0.210183466005
17.69415532425941 0.270613394178 0.473426090143 1.33837633918 -0.288496614943
17.734187349879903 0.291008197321 0.545040017894 1.3252958002 -0.364603287151
17.7742193755004 0.314211684129 0.613670443724 1.30921988376 -0.438075682659
17.814251401120895 0.340095237675 0.678861876502 1.29026233979 -0.50850227957
17.854283426741393 0.368512415834 0.740179806988 1.26855302615 -0.575490334631
17.89431545236189 0.399299846295 0.797213378016 1.24423710764 -0.638668275444
17.934347477982385 0.432278223668 0.849577912875 1.21747416338 -0.69768796568
17.974379503602883 0.467253394824 0.896917257412 1.18843721528 -0.752226803499
18.014411529223377 0.504017601517 0.93890613274 1.1573116155 -0.801989829469
18.054443554843875 0.542350665568 0.975251894176 1.12429398534 -0.846711302768
18.094475580464373 0.582021390662 1.00569646094 1.08959096019 -0.886156430319
18.134507606084867 0.622789017283 1.03001801692 1.05341788672 -0.920122890874
18.174539631705365 0.664404555902 1.04803208949 1.01599762912 -0.948441802259
18.21457165732586 0.706612503101 1.05959302562 0.977559032412 -0.970979044241
18.254603682946357 0.749152252122 1.06459466392 0.938335659289 -0.987635861498
18.294635708566855 0.791759745381 1.06297104671 0.898564310261 -0.998349502362
18.33466773418735 0.83416917623 1.05469694033 0.858483499669 -1.00309368587
18.374699759807847 0.876114418703 1.03978782485 0.818332175219 -1.00187859366
18.414731785428344 0.917330897779 1.01829997066 0.778348043011 -0.994750939683
18.45476381104884 0.957557043521 0.990330020538 0.738766265144 -0.981793597043
18.494795836669336 0.996535932801 0.956014404771 0.699817989309 -0.963125075387
18.53482786228983 1.03401698485 0.915528555011 0.661728830116 -0.938898818017
18.57485988791033 1.06975726901 0.869085822633 0.624717697679 -0.909302234414
18.614891913530826 1.10352324481 0.816936155338 0.588995238976 -0.874555516267
18.65492393915132 1.13509208378 0.759364601935 0.554762653742 -0.834910299633
18.694955964771818 1.16425294924 0.696689591087 0.522210547947 -0.790648124682
18.734987990392312 1.19080841745 0.629260970663 0.491517660614 -0.74207868107
18.77502001601281 1.2145757184 0.557457862364 0.462849752157 -0.689537887888
18.815052041633308 1.23538777498 0.481686371765 0.436358673168 -0.63338584413
18.855084067253802 1.25309425649 0.402377078219 0.412181420346 -0.574004582032
18.8951160928743 1.26756252168 0.319982448094 0.390439291305 -0.511795751746
18.935148118494794 1.27867844932 0.234974027597 0.371237140054 -0.447178108644
18.975180144115292 1.28634711219 0.14783960707 0.354662772659 -0.380584975055
19.01521216973579 1.29049339238 0.059080181588 0.340786395367 -0.312461519599
19.055244195356284 1.29106243733 -0.0307930346231 0.329660205378 -0.243262084705
19.095276220976782 1.2880200214 -0.121261810671 0.32131806614 -0.173447319892
19.135308246597276 1.28135274205 -0.211803989463 0.315775330649 -0.103481415353
19.175340272217774 1.27106813082 -0.301896760709 0.313028741118 -0.0338291720662
19.21537229783827 1.25719460596 -0.39101976988 0.313056470281 0.0350467811855
19.255404323458766 1.23978131525 -0.478658361265 0.315818261095 0.10268889091
19.295436349079264 1.21889784186 -0.564306699123 0.321255688976 0.168647472822
19.33546837469976 1.19463379159 -0.647470860194 0.329292530249 0.23248348014
19.375500400320256 1.16709825204 -0.727671859999 0.339835245232 0.293771212589
19.415532425940754 1.13641914066 -0.804448558553 0.352773560771 0.352100917437
19.455564451561248 1.10274242642 -0.877360516003 0.367981165957 0.407081345691
19.495596477181746 1.06623125644 -0.945990633184 0.385316492868 0.458342115714
19.535628502802243 1.02706495828 -1.00994775223 0.40462360861 0.505536041067
19.575660528422738 0.985437965732 -1.06886899715 0.425733175854 0.548341225536
19.615692554043235 0.94155863106 -1.12242202763 0.448463515015 0.586463080393
19.65572457966373 0.895647968386 -1.17030704154 0.472621728026 0.619636116752
19.695756605284227 0.847938332932 -1.21225857977 0.49800487954 0.647625560822
19.735788630904725 0.798671972149 -1.24804721432 0.524401292807 0.670228864664
19.77582065652522 0.748099507825 -1.27748102827 0.551591907327 0.687277030626
19.815852682145717 0.696478561613 -1.30040654686 0.579351508042 0.698635444222
19.85588470776621 0.644072102924 -1.31670976173 0.607450203101 0.704204790447
19.89591673338671 0.591146840754 -1.3263168047 0.635654862256 0.703921656346
19.935948759007207 0.537971623657 -1.32919461962 0.663730547925 0.697759131761
19.9759807846277 0.484815824945 -1.32535087052 0.691441959456 0.685726726284
20.0160128102482 0.431947711531 -1.31483388838 0.718554892004 0.667870320806
20.056044835868693 0.379632763471 -1.29773268398 0.744837739524 0.644272178204
20.09607686148919 0.328132118224 -1.27417604222 0.770062886048 0.615050131584
20.13610888710969 0.277700974942 -1.2443318168 0.794008132724 0.580356951888
20.176140912730183 0.228587036175 -1.20840610399 0.816458091335 0.540379607313
20.21617293835068 0.181029014828 -1.16664172573 0.837205519326 0.495337904173
20.256204963971175 0.135255188634 -1.11931682108 0.856052612284 0.445483224912
20.296236989591673 0.0914820250506 -1.06674317428 0.872812233308 0.391097030173
20.33626901521217 0.0499128736223 -1.00926417273 0.887309081941 0.33248902955
20.376301040832665 0.0107367319051 -0.947252810732 0.899380797205 0.269995393294
20.416333066453163 -0.0258728931865 -0.881109429445 0.908878975157 0.203976727829
20.45636509207366 -0.0597590035682 -0.811259114519 0.915670078546 0.134815744757
20.496397117694155 -0.0907820945046 -0.738149191446 0.919636316296 0.0629150173687
20.536429143314653 -0.118820965505 -0.662246470993 0.920676367487 -0.0113054866264
20.576461168935147 -0.143773426922 -0.584034280359 0.918706011914 -0.087411064227
20.616493194555645 -0.165556930704 -0.504009624655 0.913658692709 -0.164954819555
20.656525220176142 -0.184109063901 -0.422680136237 0.905485956035 -0.24348039622
20.696557245796637 -0.199387874777 -0.34056082739 0.894157740862 -0.322524885771
20.736589271417134 -0.211372133349 -0.258171048148 0.879662609997 -0.401621552425
20.77662129703763 -0.220061431165 -0.176031238505 0.862007837149 -0.48030274191
20.816653322658127 -0.225476162423 -0.094659755931 0.841219387698 -0.558102722844
20.856685348278624 -0.227657377701 -0.0145696872952 0.817341785386 -0.634560542067
20.89671737389912 -0.226666509933 0.0637342916504 0.790437864581 -0.709222837366
20.936749399519616 -0.222584973775 0.13975903694 0.760588409151 -0.781646632401
20.97678142514011 -0.21551364641 0.213025930444 0.727891685145 -0.851402018243
21.01681345076061 -0.20557222105 0.283073858913 0.692462859467 -0.91807482144
21.056845476381106 -0.192898457998 0.3494619932 0.654433326799 -0.981269093137
21.0968775020016 -0.177647306231 0.411772550338 0.613949920563 -1.04060958283
21.136909527622098 -0.159989944215 0.469613296293 0.571174051543 -1.09574397987
21.176941553242592 -0.140112689498 0.522620019525 0.526280728987 -1.14634512881
21.21697357886309 -0.118215854034 0.570458698214 0.479457533098 -1.19211297042
21.257005604483588 -0.0945124683255 0.612827619199 0.430903470046 -1.23277643946
21.297037630104082 -0.069226978274 0.649459163671 0.38082780253 -1.26809506397
21.33706965572458 -0.0425938175368 0.680121511618 0.329448768837 -1.29786049186
21.377101681345078 -0.0148559740204 0.704620010575 0.276992296659 -1.32189771676
21.417133706965572 0.0137365457199 0.722798412266 0.223690625462 -1.34006618571
21.45716573258607 0.042928257258 0.734539804649 0.169780924221 -1.35226063389
21.497197758206564 0.0724598161285 0.739767365828 0.11550384014 -1.35841175999
21.537229783827062 0.102069582197 0.738444779052 0.0611020952467 -1.35848659793
21.57726180944756 0.131495308633 0.73057651489 0.00681897139427 -1.35248876968
21.617293835068054 0.160475710829 0.716207762659 -0.0471030972276 -1.34045842401
21.65732586068855 0.188752160663 0.695424186795 -0.100424043838 -1.32247201839
21.697357886309046 0.216070221664 0.668351375188 -0.152907546337 -1.29864182506
21.737389911929544 0.242181311556 0.635154085208 -0.20432251865 -1.26911525592
21.77742193755004 0.266844171259 0.596035235393 -0.254444428758 -1.23407395968
21.817453963170536 0.289826448573 0.551234647485 -0.303056719427 -1.19373269534
21.857485988791034 0.310906066813 0.501027601452 -0.349952036363 -1.14833803828
21.897518014411528 0.329872689014 0.445723109403 -0.394933541953 -1.09816683454
21.937550040032026 0.346528956912 0.385662073175 -0.437816027316 -1.04352455096
21.977582065652523 0.360691792396 0.321215136081 -0.478427080292 -0.984743351388
22.017614091273018 0.372193468852 0.252780495455 -0.516608047375 -0.922180137777
22.057646116893515 0.380882776245 0.180781315508 -0.55221507959 -0.856214233356
22.09767814251401 0.386625875032 0.105663269971 -0.585119899705 -0.787245181996
22.137710168134507 0.389307136387 0.0278917954579 -0.615210557182 -0.715690288516
22.177742193755005 0.38882998328 -0.0520509379994 -0.64239218391 -0.641981905697
22.2177742193755 0.385117364576 -0.133668696997 -0.66658742127 -0.566565043136
22.257806244995997 0.378112337315 -0.216454411853 -0.687736944102 -0.489894477253
22.29783827061649 0.367778429789 -0.299893264584 -0.705799788352 -0.412431985851
22.33787029623699 0.354099882364 -0.383465833454 -0.720753569237 -0.334643532009
22.377902321857487 0.337081767828 -0.466651279915 -0.732594591521 -0.256996409979
22.41793434747798 0.31674997171 -0.548930541454 -0.741337834387 -0.179956385791
22.45796637309848 0.293151092152 -0.629789519749 -0.747016864255 -0.103984842032
22.497998398718977 0.266352125839 -0.708722225185 -0.74968355601 -0.0295359616785
22.53803042433947 0.236440192487 -0.785233921746 -0.749407848755 0.0429460883983
22.57806244995997 0.203521838323 -0.858844101148 -0.746277124517 0.113029821088
22.618094475580463 0.167722559627 -0.929089472189 -0.740395784036 0.180299106282
22.65812650120096 0.129185995848 -0.995526792269 -0.731884526626 0.244355706838
22.69815852682146 0.0880730863021 -1.05773559379 -0.720879597416 0.304821720416
22.738190552441953 0.044561101107 -1.11532076723 -0.707531921966 0.361341892978
22.77822257806245 -0.00115741431319 -1.1679149649 -0.692006163427 0.413585771766
22.818254603682945 -0.0488758030186 -1.21518087827 -0.674479682767 0.461249745024
22.858286629303443 -0.0983745471654 -1.25681331396 -0.655141421204 0.504058901518
22.89831865492394 -0.149422556284 -1.29254102432 -0.634190748832 0.541768670216
22.938350680544435 -0.201778652629 -1.32212850991 -0.611836136978 0.574166434964
22.978382706164933 -0.255192920575 -1.34537728534 -0.588293951903 0.601072668457
23.018414731785427 -0.309408272254 -1.3621272087 -0.563787055172 0.622342123335
23.058446757405925 -0.364161994057 -1.37225744343 -0.538543420999 0.637864693999
23.098478783026422 -0.419187344069 -1.37568711873 -0.512794707972 0.647566008655
23.138510808646917 -0.47421513442 -1.37237610152 -0.486774844291 0.651408121108
23.178542834267414 -0.528975392954 -1.36232492983 -0.46071854191 0.649389451763
23.21857485988791 -0.583198994193 -1.34557506238 -0.434859838195 0.641545011725
23.258606885508406 -0.636619273421 -1.32220840212 -0.409430652623 0.627945976788
23.298638911128904 -0.688973666004 -1.2923470487 -0.384659320919 0.608699466442
23.3386709367494 -0.740005261696 -1.2561522681 -0.360769205226 0.58394762184
23.378702962369896 -0.789464410896 -1.21382384642 -0.337977257793 0.553867027844
23.41873498799039 -0.837110165854 -1.16559849086 -0.316492732374 0.518667281832
23.45876701361089 -0.882711827967 -1.11174881049 -0.29651580066 0.478590081692
23.498799039231386 -0.926050234108 -1.05258120428 -0.278236402295 0.433907335367
23.53883106485188 -0.966919216177 -0.988434454056 -0.261832939849 0.384919901584
23.578863090472378 -1.00512669345 -0.919677215042 -0.247471302451 0.331955343468
23.618895116092876 -1.04049598167 -0.846706076398 -0.235303695459 0.275366192555
23.65892714171337 -1.07286678139 -0.769943127756 -0.225467757169 0.215527770462
23.698959167333868 -1.10209609233 -0.689832999239 -0.218085741825 0.152835539112
23.738991192954362 -1.12805913473 -0.606840313171 -0.213263696335 0.0877028195859
23.77902321857486 -1.1506501391 -0.521447457903 -0.211090754837 0.0205587994293
23.819055244195358 -1.16978291798 -0.434150953378 -0.211638628308 -0.0481547210308
23.859087269815852 -1.18539138823 -0.345458374158 -0.214961138566 -0.1179860832
23.89911929543635 -1.19742996637 -0.255885656922 -0.22109386586 -0.188476180451
23.939151321056844 -1.20587383494 -0.165953778595 -0.230053911937 -0.259161431908
23.979183346677342 -1.21071907833 -0.0761854737184 -0.241839779955 -0.329576721076
24.01921537229784 -1.21198269326 0.0128978798968 -0.256431366634 -0.399258183786
24.059247397918334 -1.20970246307 0.100779410443 -0.273790076271 -0.467746027384
24.09927942353883 -1.20393672116 0.186949965171 -0.293859034056 -0.534587407037
24.139311449159326 -1.19476397823 0.27091123979 -0.316563421244 -0.599339227111
24.179343474779824 -1.1822824249 0.352178760183 -0.341810921931 -0.661570810294
24.21937550040032 -1.16660931844 0.430284886309 -0.369492273559 -0.720866586572
24.259407526020816 -1.14788025519 0.504781653628 -0.399481919711 -0.7768286367
24.299439551641314 -1.12624831545 0.575243572927 -0.431638777141 -0.829079198422
24.339471577261808 -1.10188313533 0.64127008608 -0.465807068098 -0.87726286456
24.379503602882306 -1.07496982454 0.70248817892 -0.501817290596 -0.921048921807
24.419535628502803 -1.04570786097 0.758554505322 -0.539487209426 -0.960133251784
24.459567654123298 -1.01430981057 0.809157629909 -0.578623003596 -0.994240338337
24.499599679743795 -0.981000066028 0.854019780866 -0.619020396837 -1.02312483612
24.539631705364293 -0.946013404989 0.89289867382 -0.660465949732 -1.04657320284
24.579663730984787 -0.909593601868 0.925588878356 -0.702738303755 -1.06440492185
24.619695756605285 -0.871991864207 0.951923160393 -0.745609582417 -1.07647370326
24.65972778222578 -0.833465342484 0.971773419144 -0.788846726595 -1.08266832185
24.699759807846277 -0.794275490919 0.985051520245 -0.832212963235 -1.0829133621
24.739791833466775 -0.754686506663 0.991709787617 -0.87546920383 -1.07716965756
24.77982385908727 -0.71496366122 0.991741308763 -0.91837553936 -1.06543456318
24.819855884707767 -0.675371694909 0.985179958123 -0.960692678733 -1.04774197517
24.85988791032826 -0.636173180084 0.972100171498 -1.00218341516 -1.02416212788
24.89991993594876 -0.597626908148 0.952616493373 -1.04261407119 -0.99480118739
24.939951961569257 -0.559986281905 0.926882857882 -1.08175593889 -0.959800606508
24.97998398718975 -0.523497780341 0.895091638342 -1.11938665519 -0.919336272585
25.02001601281025 -0.48839942256 0.857472445788 -1.15529157784 -0.873617430515
25.060048038430743 -0.454919323422 0.814290729568 -1.18926507931 -0.822885428494
25.10008006405124 -0.423274269286 0.76584611991 -1.22111182257 -0.767412232723
25.14011208967174 -0.393668409989 0.712470602595 -1.25064793277 -0.707498791753
25.180144115292233 -0.366291980113 0.65452644462 -1.27770214264 -0.643473177853
25.22017614091273 -0.341320154266 0.592403998246 -1.30211681783 -0.575688619465
25.260208166533225 -0.318911946211 0.526519257969 -1.32374894298 -0.504521312403
25.300240192153723 -0.299209257477 0.457311344025 -1.34247097382 -0.430368165274
25.34027221777422 -0.282335982554 0.385239751208 -1.35817163865 -0.353644334725
25.380304243394715 -0.268397276438 0.310781591221 -1.37075659426 -0.274780754915
25.420336269015213 -0.257478867493 0.234428547007 -1.38014904137 -0.194221409051
25.460368294635707 -0.249646569719 0.156683955727 -1.38629016137 -0.112420716142
25.500400320256205 -0.244945874274 0.0780596731016 -1.38913948205 -0.0298407219578
25.540432345876702 -0.24340164511 -0.000927142890112 -1.38867515011 0.0530517822218
25.580464371497197 -0.245018009708 -0.0797570485561 -1.38489402885 0.135787961978
25.620496397117694 -0.249778305623 -0.157911631867 -1.37781174586 0.217899911516
25.660528422738192 -0.257645181951 -0.234876723475 -1.367462602 0.298923530182
25.700560448358686 -0.268560846219 -0.310145474738 -1.35389934999 0.378401279883
25.740592473979184 -0.282447418337 -0.383221527523 -1.3371928772 0.455885024695
25.78062449959968 -0.299207403809 -0.453622040475 -1.31743178149 0.530938741937
25.820656525220176 -0.318724300977 -0.520880691288 -1.29472182714 0.603141211743
25.860688550840674 -0.340863319673 -0.584550508987 -1.26918530077 0.672088554424
25.90072057646117 -0.365472209507 -0.644206647203 -1.24096026922 0.737396714974
25.940752602081666 -0.392382199833 -0.699449001208 -1.21019973726 0.798703807668
25.98078462770216 -0.421409037893 -0.749904646844 -1.17707071743 0.855672301168
26.020816653322658 -0.452354130646 -0.795230178653 -1.14175320689 0.907991113355
26.060848678943156 -0.485005755485 -0.835113771863 -1.10443910264 0.955377458878
26.10088070456365 -0.519140376139 -0.869277146053 -1.06533102241 0.997578608654
26.140912730184148 -0.554524015593 -0.897477264828 -1.02464107457 1.03437341296
26.180944755804642 -0.590913706429 -0.919507800371 -0.982589558486 1.06557361399
26.22097678142514 -0.628058972704 -0.935200470506 -0.939403636817 1.0910250442
26.261008807045638 -0.665703347122 -0.944426200429 -0.895315975999 1.11060866769
26.301040832666132 -0.703586023231 -0.947095581304 -0.850563265799 1.12424099191
26.34107285828663 -0.741443459883 -0.943159691291 -0.805384781622 1.1318748039
26.381104883907124 -0.779010896266 -0.932610376856 -0.760021026861 1.13349942324
26.421136909527622 -0.816024132052 -0.915480200313 -0.714712137732 1.1291406561
26.46116893514812 -0.852221041779 -0.891842364456 -0.669696526133 1.11886072875
26.501200960768614 -0.887343246037 -0.861810252548 -0.625209382011 1.10275787664
26.54123298638911 -0.921137712263 -0.825536705824 -0.581481238711 1.08096569846
26.58126501200961 -0.953358264318 -0.783213125206 -0.538736619996 1.05365235265
26.621297037630104 -0.983767191304 -0.735068293904 -0.497192598139 1.02101950412
26.6613290632506 -1.01213660658 -0.681366997448 -0.457057575683 0.983301089433
26.701361088871096 -1.03824998266 -0.622408372733 -0.418529909663 0.940761839407
26.741393114491594 -1.0619033636 -0.558524151471 -0.381796824571 0.893695707088
26.78142514011209 -1.08290674282 -0.490076545483 -0.347033177165 0.842423975022
26.821457165732586 -1.10108516876 -0.417456109616 -0.314400464957 0.787293342465
26.861489191353083 -1.11627983256 -0.34107934359 -0.284045850738 0.728673778804
26.901521216973578 -1.12834908603 -0.261386136415 -0.256101249512 0.666956235994
26.941553242594075 -1.13716933518 -0.17883704743 -0.230682526824 0.602550214674
26.981585268214573 -1.14263576729 -0.0939105574481 -0.207888846112 0.535881303508
27.021617293835067 -1.14466304307 -0.00710007762821 -0.1878020473 0.467388501564
27.061649319455565 -1.14318582035 0.0810890051069 -0.170486176147 0.397521573401
27.10168134507606 -1.1381591853 0.170142480917 -0.155987096486 0.326738226604
27.141713370696557 -1.12955892341 0.259540398789 -0.144332245841 0.25550135298
27.181745396317055 -1.11738170169 0.348760301289 -0.135530470505 0.184276132727
27.22177742193755 -1.10164509801 0.437280375902 -0.12957199751 0.113527213273
27.261809447558047 -1.08238751475 0.524582675114 -0.12642851014 0.0437158265515
27.30184147317854 -1.05966795599 0.610156272262 -0.126053345611 -0.0247030362124
27.34187349879904 -1.03356568803 0.693500393956 -0.128381797213 -0.0912834287601
27.381905524419537 -1.00417976937 0.774127451553 -0.133331533288 -0.155591163674
27.42193755004003 -0.971628464076 0.851566063878 -0.140803120621 -0.217206518425
27.46196957566053 -0.936048533998 0.925363927098 -0.15068065629 -0.275726804562
27.502001601281023 -0.897594418342 0.995090569343 -0.162832500358 -0.33076883371
27.54203362690152 -0.856437309659 1.06033998957 -0.177112101285 -0.381971279936
27.58206565252202 -0.812764120752 1.12073314611 -0.193358918998 -0.428996907505
27.622097678142513 -0.766776359545 1.17592026435 -0.21139943036 -0.471534636709
27.66212970376301 -0.718688916017 1.22558297661 -0.231048213341 -0.509301459433
27.70216172938351 -0.668728761217 1.26943627496 -0.252109109911 -0.542044187229
27.742193755004003 -0.617133582339 1.30723023928 -0.27437644615 -0.569540998157
27.7822257806245 -0.564150362473 1.33875154722 -0.297636301888 -0.591602788321
27.822257806244995 -0.510033833807 1.36382484981 -0.321667893625 -0.60807440309
27.862289831865493 -0.455044954786 1.38231381823 -0.346244936 -0.618835573966
27.90232185748599 -0.399449435967 1.39412182961 -0.371136959616 -0.62380153208
27.942353883106485 -0.343515926465 1.39919279851 -0.396110932772 -0.622923752258
27.982385908726982 -0.287514598196 1.39751131795 -0.420932526969 -0.616190078831
28.022417934347477 -0.231715410268 1.38910281879 -0.445367668816 -0.603624867798
28.062449959967974 -0.176386400256 1.37403346957 -0.469184067819 -0.585288896726
28.102481985588472 -0.1217923 1.35240963705 -0.492152453589 -0.561278881154
28.142514011208966 -0.0681926566182 1.32437732955 -0.514048256055 -0.531726975698
28.182546036829464 -0.0158404075189 1.29012127256 -0.53465287915 -0.496799945826
28.22257806244996 0.0350195763654 1.24986375415 -0.553755002923 -0.456698133606
28.262610088070456 0.0841520799759 1.20386327659 -0.571152004398 -0.411654249766
28.302642113690954 0.131332966618 1.15241298199 -0.586651228958 -0.3619319636
28.34267413931145 0.176350514729 1.09583882257 -0.600071184962 -0.307824264099
28.382706164931946 0.219006619909 1.03449758079 -0.611242617686 -0.249651686662
28.42273819055244 0.259118079062 0.968774642157 -0.620009656774 -0.187760318397
28.462770216172938 0.296517629328 0.899081704897 -0.626230744113 -0.122519746871
28.502802241793436 0.331055004529 0.825854161259 -0.629779577354 -0.0543207148466
28.54283426741393 0.362597760781 0.749548518192 -0.63054584675 0.0164271897203
28.582866293034428 0.391032132454 0.67063948925 -0.628435999121 0.0892981380528
28.622898318654922 0.416263653369 0.589617213994 -0.623373791618 0.163852550753
28.66293034427542 0.438217761515 0.506984114583 -0.6153008307 0.239639912861
28.702962369895918 0.456840175379 0.423251942621 -0.604176906594 0.316201418528
28.742994395516412 0.472097258271 0.338938505662 -0.589980317 0.393072902537
28.78302642113691 0.483976156169 0.254564620305 -0.572707987976 0.469787568881
28.823058446757408 0.49248486953 0.170650868492 -0.552375535693 0.545878895571
28.863090472377902 0.49765218901 0.0877143698543 -0.529017206308 0.620883525032
28.9031224979984 0.499527482876 0.00626565714446 -0.502685683037 0.694344062188
28.943154523618894 0.498180373009 -0.0731944768677 -0.473451793454 0.765811898065
28.98318654923939 0.493700280965 -0.150178042169 -0.441404100428 0.834849952497
29.02321857485989 0.486195859782 -0.224212845816 -0.406648390748 0.901035355501
29.063250600480384 0.475794296208 -0.294845389771 -0.369307047707 0.963962042242
29.10328262610088 0.462640513454 -0.361643629968 -0.329518334624 1.02324322371
29.143314651721376 0.446896234374 -0.424199695114 -0.287435553309 1.07851382133
29.183346677341873 0.428739003048 -0.482132279432 -0.24322616544 1.12943260954
29.22337870296237 0.40836107299 -0.535088996065 -0.197070794402 1.17568432321
29.263410728582866 0.385968178101 -0.582748602496 -0.149162122067 1.21698165031
29.303442754203363 0.361778255651 -0.624822939949 -0.0997037427165 1.25306696851
29.343474779823858 0.336020097024 -0.661058689815 -0.0489089522807 1.28371391795
29.383506805444355 0.308931968905 -0.691238883812 0.00300048883566 1.30872875335
29.423538831064853 0.28075994263 -0.715184424888 0.0557958546557 1.3279517058
29.463570856685347 0.25175651978 -0.73275498328 0.109242686625 1.341257785
29.503602882305845 0.222179051013 -0.743849883266 0.163102212063 1.3485575731
29.54363490792634 0.192288120588 -0.74840873821 0.217132793343 1.34979779316
29.583666933546837 0.162345912853 -0.746411830266 0.271091393208 1.34496164895
29.623698959167335 0.132614582595 -0.737880223276 0.324735036575 1.33406892571
29.66373098478783 0.103354630404 -0.722875538158 0.377822267853 1.31717578884
29.703763010408327 0.0748232752915 -0.701499888984 0.430114610718 1.29437472627
29.743795036028825 0.0472728677491 -0.673894817325 0.481377991639 1.26579359393
29.78382706164932 0.0209492835237 -0.640240839305 0.531384180689 1.23159520978
29.823859087269817 -0.00390954576815 -0.600755892947 0.579912109768 1.19197596309
29.86389111289031 -0.0270752088764 -0.555694559116 0.626749286547 1.14716511645
29.90392313851081 -0.0483301277014 -0.505345862636 0.671692972411 1.0974228363
29.943955164131307 -0.0674689746966 -0.450031905272 0.714551454136 1.0430389684
29.9839871897518 -0.0842999472423 -0.390105793909 0.75514518743 0.984331182123
30.0240192153723 -0.0986459645124 -0.325949483617 0.793307871067 0.921643038519
30.064051240992793 -0.110345769288 -0.257971406618 0.828887435876 0.855341866641
30.10408326661329 -0.119254953234 -0.186603992661 0.861746965184 0.785816542607
30.14411529223379 -0.125246849026 -0.112300983381 0.891765495994 0.713475084165
30.184147317854283 -0.128213334498 -0.0355346596243 0.918838741363 0.638742167298
30.22417934347478 -0.128065517047 0.0432070594848 0.942879705542 0.562056527968
30.264211369095275 -0.124734301831 0.123423612624 0.963819195022 0.483868278637
30.304243394715773 -0.118170832514 0.204604873238 0.981606215424 0.404636152333
30.34427542033627 -0.108346807229 0.286234281806 0.996208256636 0.324824697189
30.384307445956765 -0.095254659259 0.367792018678 1.00761145678 0.244901434628
30.424339471577262 -0.0789077199038 0.448758168048 1.01582075021 0.165334025482
30.464371497197757 -0.0593400016462 0.528615968898 1.02085967543 0.0865873581839
30.504403522818254 -0.0366061216173 0.606854939901 1.02277030871 0.00912074984857
30.544435548438752 -0.0107809787598 0.682974047972 1.02161297701 -0.066614891769
30.584467574059246 0.0180407509525 0.756484760536 1.01746580801 -0.140179802208
30.624499599679744 0.0497451463922 0.826914052054 1.01042425587 -0.211148053274
30.66453162530024 0.084199668165 0.893807321142 1.00060054182 -0.279110165965
30.704563650920736 0.121254018016 0.956731176656 0.988122886547 -0.343675606095
30.744595676541234 0.160741012951 1.01527609826 0.973134729364 -0.404475167505
30.78462770216173 0.202477594636 1.06905895906 0.955793826216 -0.461163231785
30.824659727782226 0.246265933125 1.11772538657 0.936271263177 -0.513419883272
30.864691753402724 0.291894636891 1.16095191 0.914750374729 -0.560952832625
30.904723779023218 0.339140029373 1.19844794568 0.891425602436 -0.6034991956
30.944755804643716 0.387767409006 1.22995779182 0.866501368428 -0.640827280051
30.98478783026421 0.437532661749 1.25526181104 0.840190633086 -0.67273764577
31.024819855884708 0.488183560048 1.27417817577 0.812713733612 -0.699064668221
31.064851881505206 0.539461411491 1.28656370554 0.784296909332 -0.719677289195
31.1048839071257 0.591102559263 1.29231491207 0.75517095972 -0.73447995354
31.144915932746198 0.642840020687 1.2913686202 0.725569778728 -0.743413166053
31.184947958366692 0.694405095923 1.28370224125 0.695728915776 -0.746453737132
31.22497998398719 0.745528994095 1.26933418269 0.665884121159 -0.743615150549
31.265012009607688 0.795944479166 1.24832336287 0.63626987364 -0.734947129839
31.305044035228182 0.84538748626 1.2207693064 0.607117934595 -0.720535724551
31.34507606084868 0.89359870933 1.18681094529 0.578655927625 -0.700502237702
31.385108086469174 0.94032524066 1.14662671245 0.551105871938 -0.675003310383
31.42514011208967 0.985322022086 1.1004328039 0.524682884057 -0.644229366581
31.46517213771017 1.02835339462 1.04848151551 0.499593791422 -0.608403124757
31.505204163330664 1.06919459693 0.991059942537 0.476035791867 -0.567778434245
31.54523618895116 1.10763288337 0.92848917502 0.454195453745 -0.522639555702
31.585268214571656 1.14346909829 0.861121071501 0.434247307274 -0.473298273069
31.625300240192153 1.17651870904 0.789336804902 0.416352920669 -0.420092592409
31.66533226581265 1.20661300914 0.713544350602 0.400659823862 -0.363384493547
31.705364291433145 1.23360016364 0.634175897962 0.387300573462 -0.303557613156
31.745396317053643 1.25734598525 0.551685497812 0.376392058774 -0.241015139146
31.78542834267414 1.27773493117 0.466545980438 0.368034610152 -0.176177051824
31.825460368294635 1.29467066667 0.3792462841 0.362311495278 -0.109477732661
31.865492393915133 1.30807673157 0.290288278139 0.359288323252 -0.0413631205048
31.905524419535627 1.31789699532 0.200183721997 0.359012637941 0.0277120105135
31.945556445156125 1.32409588954 0.109451420717 0.361513710537 0.0972865971145
31.985588470776623 1.32665871237 0.0186138020791 0.366802267861 0.166896350907
32.02562049639712 1.3255917426 -0.071806350773 0.374870390865 0.23607668319
32.065652522017615 1.3209221199 -0.161288906198 0.385691622544 0.304365396462
32.10568454763811 1.31269768146 -0.24931962041 0.399221114963 0.371305581438
32.1457165732586 1.30098669834 -0.335393295273 0.415395865867 0.436448443698
32.1857485988791 1.28587743535 -0.419016888051 0.434135113412 0.499356087317
32.2257806244996 1.26747759309 -0.499712457258 0.455340836332 0.559604151729
32.2658126501201 1.24591365236 -0.577020138938 0.478898341471 0.616784475818
32.305844675740595 1.22133010137 -0.650500930069 0.504676956241 0.670507589309
32.34587670136109 1.1938885388 -0.719739373708 0.53253083219 0.720405116152
32.38590872698158 1.16376667749 -0.784346094068 0.562299837537 0.766132043526
32.42594075260208 1.13115727664 -0.84396012511 0.593810513666 0.807368805942
32.46597277822258 1.09626690321 -0.898251260106 0.626877184528 0.843823388109
32.506004803843076 1.05931469844 -0.94692196939 0.661303061398 0.875233041138
32.546036829463574 1.02053108106 -0.989709066406 0.696881404289 0.901365773337
32.586068855084065 0.980156200913 -1.02638564072 0.733396906843 0.922022080061
32.62610088070456 0.938438636111 -1.05676209954 0.770626863073 0.937035875268
32.66613290632506 0.8956337331 -1.08068754487 0.808342653826 0.946275723607
32.70616493194556 0.852002070254 -1.09805065459 0.846311122598 0.949645628291
32.746196957566056 0.807807968608 -1.10878019246 0.884295909091 0.947085486675
32.78622898318655 0.763317668279 -1.11284567239 0.922059082083 0.938571683999
32.826261008807045 0.718797919452 -1.11025734763 0.959362401037 0.924117082566
32.86629303442754 0.674514198168 -1.10106622917 0.995968913624 0.903771037117
32.90632506004804 0.630729087329 -1.08536376863 1.03164440528 0.877619109745
32.94635708566854 0.587700822421 -1.06328121318 1.06615870118 0.845782491151
32.98638911128903 0.545681466348 -1.03498885795 1.09928730036 0.808417330033
33.026421136909526 0.504915604113 -1.00069498037 1.13081254418 0.765713777777
33.066453162530024 0.465638711145 -0.960644527996 1.16052507707 0.717894812245
33.10648518815052 0.428075678283 -0.91511760479 1.18822516693 0.665214881237
33.14651721377102 0.392439620841 -0.864427800976 1.21372377106 0.607958405773
33.18654923939151 0.358930412903 -0.808920179493 1.23684384818 0.546437975926
33.22658126501201 0.327733538138 -0.748969237057 1.25742138683 0.480992523899
33.266613290632506 0.299018887493 -0.684976498146 1.27530648145 0.411985168405
33.306645316253004 0.272939827304 -0.61736815017 1.29036416619 0.33980109593
33.3466773418735 0.249632193551 -0.546592317142 1.30247531476 0.264845118285
33.38670936749399 0.229213495473 -0.473116388465 1.31153735288 0.187539279522
33.42674139311449 0.21178218897 -0.397424096761 1.3174649081 0.10832023812
33.46677341873499 0.197417080167 -0.320012541579 1.32019034305 0.0276366007257
33.506805444355486 0.186176879145 -0.24138918071 1.3196641542 -0.0540537731144
33.54683746997598 0.178099805757 -0.162068604736 1.31585532387 -0.136286660332
33.586869495596474 0.173203406522 -0.0825695372003 1.30875148328 -0.218594161646
33.62690152121697 0.171484415703 -0.00341144070169 1.29835903589 -0.300507741781
33.66693354683747 0.172918824665 0.0748884570146 1.28470309429 -0.38156089355
33.70696557245797 0.177462011932 0.151818565318 1.26782736258 -0.461292185534
33.746997598078465 0.185049039594 0.226875867905 1.24779386987 -0.539247893294
33.787029623698956 0.195595061161 0.299569190193 1.22468260384 -0.614984926256
33.827061649319454 0.208995848046 0.369422092602 1.19859103808 -0.688073419571
33.86709367493995 0.2251284501 0.43597587475 1.16963353935 -0.758099425287
33.90712570056045 0.243851952928 0.498792379193 1.13794068812 -0.824667424012
33.94715772618095 0.26500835535 0.557456643103 1.10365849148 -0.887402700396
33.98718975180144 0.2884235625 0.61157955258 1.06694749249 -0.945953720959
34.027221777421936 0.313908436345 0.660800079795 1.02798182805 -0.999994138344
34.06725380304243 0.341260024785 0.704787712046 0.986948126812 -1.04922496742
34.10728582866293 0.370262762182 0.743244332899 0.944044432639 -1.0933762707
34.14731785428343 0.400689825656 0.775906043486 0.899478988587 -1.13220879021
34.18734987990392 0.432304549854 0.802544817132 0.853468968428 -1.16551543004
34.22738190552442 0.46486188203 0.822970063701 0.806239172069 -1.19312265809
34.267413931144915 0.498109903506 0.837029544154 0.758020661499 -1.21489132587
34.30744595676541 0.531791388101 0.844610505374 0.70904936358 -1.2307176856
34.34747798238591 0.565645399167 0.84564031746 0.659564638248 -1.24053396172
34.38751000800641 0.599408907005 0.840086872504 0.60980782842 -1.24430870882
34.4275420336269 0.632818404468 0.82795891142 0.560020811495 -1.24204710512
34.4675740592474 0.665611557036 0.809305871461 0.51044451996 -1.23379081674
34.507606084867895 0.697528817703 0.784217641409 0.461317493461 -1.21961777924
34.54763811048839 0.72831503718 0.752823998306 0.412874435046 -1.19964169403
34.58767013610889 0.757721050484 0.715293792236 0.365344788528 -1.17401129911
34.62770216172938 0.785505215918 0.671834006687 0.318951358436 -1.14290952836
34.66773418734988 0.811434917159 0.62268840333 0.273908962987 -1.10655229874
34.70776621297038 0.835288010893 0.568136084323 0.23042313578 -1.06518722354
34.747798238590875 0.856854207158 0.508489783443 0.188688887729 -1.01909208287
34.78783026421137 0.875936373727 0.444093913118 0.148889536981 -0.968573075446
34.82786228983186 0.892351770664 0.375322537304 0.111195601341 -0.913963004067
34.86789431545236 0.90593318067 0.302577023096 0.0757637839902 -0.855619173296
34.90792634107286 0.916529964426 0.226283611697 0.0427360263287 -0.793921214964
34.947958366693356 0.924009001964 0.146890802874 0.0122386628735 -0.729268746626
34.987990392313854 0.92825552225 0.0648665957877 -0.0156183237841 -0.662078901386
35.028022417934345 0.929173841171 -0.0193043240411 -0.0407419660069 -0.592783809467
35.06805444355484 0.926687948959 -0.105123604019 -0.0630568393509 -0.521827895079
35.10808646917534 0.920742019937 -0.192082241074 -0.0825055212558 -0.44966517567
35.14811849479584 0.911300762681 -0.279663714094 -0.0990489068625 -0.376756457437
35.188150520416336 0.898349657658 -0.367347144325 -0.112666424082 -0.303566505766
35.22818254603683 0.881895080497 -0.454610462937 -0.123356146279 -0.230561209252
35.268214571657325 0.861964261187 -0.54093363356 -0.131134758042 -0.158204694471
35.30824659727782 0.83860517047 -0.625801816773 -0.136037455786 -0.0869564927077
35.34827862289832 0.811886222458 -0.708708533476 -0.138117683798 -0.0172687076761
35.38831064851882 0.781895890084 -0.789158760525 -0.137446792253 0.0504167561256
35.42834267413931 0.748742187634 -0.866671957322 -0.134113576215 0.115670903247
35.468374699759806 0.712552014051 -0.940785012199 -0.128223689978 0.178080285322
35.508406725380304 0.67347042885 -1.01105508088 -0.119899001083 0.237249542462
35.5484387510008 0.631659753665 -1.07706228774 -0.109276788199 0.292803821835
35.5884707766213 0.58729862016 -1.13841230434 -0.0965088909961 0.344391086331
35.62850280224179 0.540580900131 -1.19473876414 -0.081760754527 0.39168427657
35.66853482786229 0.491714529209 -1.24570550055 -0.0652103783557 0.43438331472
35.708566853482786 0.440920261869 -1.29100860751 -0.0470472041686 0.472216949431
35.748598879103284 0.38843034144 -1.33037829902 -0.0274709272972 0.504944420739
35.78863090472378 0.33448710129 -1.36358055984 -0.00669024660644 0.532356937952
35.82866293034427 0.279341503335 -1.39041857807 0.0150784417208 0.554278962318
35.86869495596477 0.223251619308 -1.41073395549 0.0376124016587 0.570569290579
35.90872698158527 0.166481083587 -1.42440766288 0.0606839402646 0.581121910325
35.948759007205766 0.109297482075 -1.43136078956 0.0840618478636 0.585866670967
35.98879103282626 0.0519707635854 -1.43155499784 0.107512818083 0.584769690534
36.028823058446754 -0.00522841895795 -1.42499278295 0.130802930713 0.577833588329
36.06885508406725 -0.0620303181417 -1.41171743631 0.153699090542 0.565097451887
36.10888710968775 -0.118167740601 -1.39181279408 0.175970501021 0.546636611734
36.14891913530825 -0.173377647317 -1.36540271168 0.19739009474 0.52256217076
36.188951160928745 -0.227402747917 -1.33265031257 0.217735958522 0.493020331409
36.228983186549236 -0.279993053561 -1.29375698023 0.236792721429 0.458191493026
36.269015212169734 -0.330907377989 -1.24896113249 0.254352896356 0.418289154277
36.30904723779023 -0.379914802703 -1.1985367489 0.270218189497 0.373558594395
36.34907926341073 -0.426796037317 -1.14279172001 0.284200715943 0.324275395051
36.38911128903123 -0.471344793447 -1.08206591348 0.296124227401 0.270743708613
36.42914331465172 -0.513369035674 -1.01672908325 0.305825229839 0.213294385917
36.469175340272216 -0.552692023797 -0.947178704348 0.313153914243 0.152283037443
36.50920736589271 -0.589153433036 -0.873837422512 0.317975157174 0.0880877496273
36.54923939151321 -0.622610355672 -0.797150523076 0.320169415155 0.021106818391
36.58927141713371 -0.652938129795 -0.717583203166 0.319633464247 -0.0482436934145
36.62930344275421 -0.680031011057 -0.635617698471 0.316280999051 -0.119532528763
36.6693354683747 -0.703802913641 -0.551750350273 0.310043293684 -0.192315862704
36.709367493995195 -0.724187815558 -0.466488537539 0.300869562184 -0.266140049419
36.74939951961569 -0.74114017189 -0.380347586172 0.288727326039 -0.34054438971
36.78943154523619 -0.754635207089 -0.293847633376 0.273602673416 -0.415063938672
36.82946357085669 -0.764668989455 -0.207510396165 0.255500323355 -0.489232399174
36.86949559647718 -0.771258462674 -0.121856012893 0.234443651507 -0.562584949943
36.90952762209768 -0.774441296201 -0.0373998376629 0.210474553678 -0.63466111581
36.949559647718175 -0.774275629502 0.0453507184481 0.183653214328 -0.705007596034
36.98959167333867 -0.770839737568 0.125899268228 0.154057804584 -0.773181022799
37.02962369895917 -0.764231469299 0.203763506272 0.12178397688 -0.838750699199
37.06965572457966 -0.75456766003 0.278478171373 0.0869443364552 -0.901301251639
37.10968775020016 -0.741983384226 0.349597878458 0.0496677697354 -0.960435165396
37.14971977582066 -0.72663107884 0.416699854371 0.0100986569208 -1.01577523405
37.189751801441155 -0.708679638804 0.479386517299 -0.031603940373 -1.06696686892
37.22978382706165 -0.688313320505 0.537287917513 -0.0752672633939 -1.11368028423
37.26981585268214 -0.665730598001 0.590063997708 -0.120705882846 -1.15561252075
37.30984787830264 -0.64114292456 0.637406672208 -0.167722810231 -1.19248930725
37.34987990392314 -0.61477341372 0.679041707422 -0.216110681253 -1.22406674386
37.389911929543636 -0.586855454264 0.714730411413 -0.265652998368 -1.25013281461
37.429943955164134 -0.557631253359 0.744271080845 -0.316125437649 -1.27050868256
37.469975980784625 -0.527350330824 0.767500232394 -0.367297199389 -1.28504979198
37.51000800640512 -0.496267969016 0.784293601479 -0.418932398427 -1.29364676218
37.55004003202562 -0.464643626765 0.794566896938 -0.470791486642 -1.29622606266
37.59007205764612 -0.432739323493 0.798276235513 -0.522632702121 -1.29275040163
37.630104083266616 -0.400818030679 0.795418641875 -0.574213511749 -1.2832191732
37.67013610888711 -0.369142038769 0.786031969275 -0.625292075734 -1.26766838565
37.710168134507605 -0.337971272132 0.770194328749 -0.675628758613 -1.24617014965
37.7502001601281 -0.307561719856 0.748023938047 -0.724987536549 -1.21883254235
37.7902321857486 -0.278163894708 0.719678436489 -0.77313737937 -1.18579899319
37.8302642113691 -0.250021187406 0.68535367532 -0.819853726292 -1.14724719997
37.87029623698959 -0.223368432027 0.645282729707 -0.864919772587 -1.10338824342
37.910328262610086 -0.198430374845 0.599734305057 -0.908127842671 -1.05446515937
37.950360288230584 -0.175420362227 0.549011188025 -0.949280567013 -1.00075155095
37.99039231385108 -0.154538933295 0.493448319792 -0.988192144298 -0.942549862459
38.03042433947158 -0.135972638983 0.433410767717 -1.02468940081 -0.880189562309
38.07045636509207 -0.119892814037 0.369291430336 -1.05861289196 -0.814025087079
38.11048839071257 -0.106454585029 0.301508710536 -1.08981779237 -0.744433757125
38.150520416333066 -0.0957958302469 0.23050383821 -1.11817482912 -0.671813378259
38.190552441953564 -0.0880363791085 0.156738265699 -1.14357100036 -0.596579908607
38.23058446757406 -0.0832772047966 0.0806907170471 -1.16591030004 -0.519164815443
38.27061649319455 -0.0815998424276 0.0028543669117 -1.18511424063 -0.440012548121
38.31064851881505 -0.0830658280478 -0.0762663155951 -1.20112235712 -0.359577710938
38.35068054443555 -0.0877163415963 -0.156158542353 -1.21389252838 -0.278322397819
38.390712570056046 -0.0955719104475 -0.236304482275 -1.22340124422 -0.196713257803
38.43074459567654 -0.106632291436 -0.316184323452 -1.22964371259 -0.115218752066
38.470776621297034 -0.120876442748 -0.395279581455 -1.23263388624 -0.0343061904955
38.51080864691753 -0.13826264667 -0.473076182937 -1.23240435433 0.0455610305236
38.55084067253803 -0.158728748742 -0.549067717555 -1.22900612967 0.123926341071
38.59087269815853 -0.182192523931 -0.62275847214 -1.22250832226 0.20034271566
38.630904723779025 -0.208552172585 -0.693666543021 -1.21299769653 0.274375461214
38.67093674939952 -0.237686923267 -0.761326744739 -1.20057813282 0.345604822714
38.710968775020014 -0.269457768742 -0.825293504196 -1.18536996966 0.41362857582
38.75100080064051 -0.303708311746 -0.885143665887 -1.16750924762 0.47806453988
38.79103282626101 -0.340265687047 -0.940478940791 -1.14714688484 0.538552771843
38.83106485188151 -0.378941643835 -0.990928405871 -1.12444770896 0.594757805509
38.871096877502005 -0.419533658556 -1.03615090147 -1.09958946172 0.646370799355
38.911128903122496 -0.461826180902 -1.07583702682 -1.07276168429 0.693111324476
38.95116092874299 -0.505591947355 -1.10971103421 -1.04416454211 0.734729061808
38.99119295436349 -0.550593350919 -1.13753263482 -1.01400759926 0.771005420244
39.03122497998399 -0.596583911869 -1.15909834891 -0.982508502498 0.801754746705
39.07125700560449 -0.643309751835 -1.17424287058 -0.949891662103 0.826825549349
39.11128903122498 -0.690511160302 -1.18284003987 -0.916386850027 0.846101369089
39.151321056845475 -0.737924174246 -1.18480363355 -0.882227786201 0.85950148876
39.19135308246597 -0.785282184185 -1.18008790801 -0.84765070115 0.866981420385
39.23138510808647 -0.832317572671 -1.16868785925 -0.81289286952 0.868533139005
39.27141713370697 -0.878763330873 -1.15063933053 -0.778191163177 0.864185180191
39.31144915932746 -0.924354701092 -1.12601873829 -0.743780581042 0.854002395656
39.35148118494796 -0.968830790381 -1.09494264901 -0.709892804755 0.838085575452
39.391513210568455 -1.01193616451 -1.05756706873 -0.676754771908 0.816570812826
39.43154523618895 -1.05342241046 -1.01408647114 -0.644587277392 0.789628634972
39.47157726180945 -1.09304964922 -0.964732674518 -0.613603619235 0.757462998473
39.51160928742994 -1.13058800344 -0.909773364793 -0.584008284797 0.720309967822
39.55164131305044 -1.16581900694 -0.849510515297 -0.555995688989 0.678436301442
39.59167333867094 -1.19853693721 -0.784278521245 -0.529748981426 0.632137782254
39.631705364291435 -1.22855007216 -0.714442151254 -0.505438921351 0.581737384418
39.67173738991193 -1.25568186739 -0.640394367089 -0.483222823691 0.527583322068
39.71176941553242 -1.27977202635 -0.56255386734 -0.463243600979 0.470046850831
39.75180144115292 -1.30067750421 -0.481362604143 -0.445628864622 0.40952004522
39.79183346677342 -1.31827335604 -0.397283007638 -0.430490165494 0.346413314306
39.831865492393916 -1.33245348663 -0.310795121467 -0.4179223226 0.281152837729
39.871897518014414 -1.34313136671 -0.222393848921 -0.408002781767 0.214178100791
39.911929543634905 -1.35024051927 -0.13258582541 -0.400791180171 0.14593909494
39.9519615692554 -1.35373488742 -0.0418862414997 -0.396329016902 0.0768934739721
39.9919935948759 -1.35358917108 0.0491842082445 -0.394639351345 0.00750382290379
40.0320256204964 -1.3497990143 0.140102454226 -0.39572663538 -0.0617651428437
40.072057646116896 -1.34238099714 0.230346303665 -0.399576720438 -0.130449488295
40.11208967173739 -1.33137249583 0.319397707055 -0.406156982519 -0.19808898285
40.152121697357884 -1.31683147435 0.406745873554 -0.415416508617 -0.264229888951
40.19215372297838 -1.29883618623 0.491890327955 -0.427286363371 -0.328427698418
40.23218574859888 -1.27748465551 0.574344008924 -0.441680053587 -0.390249905766
40.27221777421938 -1.25289408147 0.653636270608 -0.458494060854 -0.449278694966
40.31224979983987 -1.22520011954 0.729315752661 -0.477608485071 -0.505113508409
40.352281825460366 -1.19455606314 0.800953117439 -0.498887776589 -0.5573734969
40.392313851080864 -1.16113192064 0.868143656412 -0.522181562275 -0.605699852562
40.43234587670136 -1.1251133596 0.930509768574 -0.547325590349 -0.649758027108
40.47237790232186 -1.0867005851 0.987703306825 -0.574142734205 -0.689239831898
40.51240992794235 -1.04610710313 1.03940766945 -0.602444099135 -0.723865309736
40.55244195356285 -1.00355844222 1.08533972489 -0.632030166365 -0.753384457379
40.592473979183346 -0.959290763025 1.12525152568 -0.662692037428 -0.777578759267
40.632506004803844 -0.913549421031 1.15893184955 -0.694212720443 -0.796262566515
40.67253803042434 -0.866587471489 1.1862074808 -0.726368468091 -0.809284243244
40.71257005604484 -0.818664120408 1.20694424387 -0.758930163856 -0.81652709111
40.75260208166533 -0.770043157208 1.22104782171 -0.79166472465 -0.817910081078
40.79263410728583 -0.720991338652 1.22846432648 -0.824336547014 -0.813388363439
40.832666132906326 -0.671776757139 1.22918062654 -0.85670896729 -0.802953559604
40.87269815852682 -0.622667220937 1.22322440661 -0.888545711066 -0.786633814911
40.91273018414732 -0.573928607333 1.21066399066 -0.919612366815 -0.764493639056
40.95276220976781 -0.525823260421 1.19160791764 -0.949677819534 -0.736633525138
40.99279423538831 -0.47860837806 1.16620426457 -0.97851569404 -0.703189342513
41.03282626100881 -0.432534457497 1.1346397258 -1.00590574569 -0.664331511282
41.072858286629305 -0.387843769284 1.09713846533 -1.03163522572 -0.620263973587
41.1128903122498 -0.344768877307 1.05396072647 -1.05550020528 -0.571222947653
41.152922337870294 -0.303531240016 1.00540123698 -1.07730682665 -0.517475498597
41.19295436349079 -0.264339849149 0.951787381477 -1.09687252093 -0.459317900958
41.23298638911129 -0.227389976603 0.89347719743 -1.11402712879 -0.397073843198
41.27301841473179 -0.192861977424 0.830857160018 -1.12861397094 -0.331092443132
41.313050440352285 -0.160920210693 0.76433981268 -1.140490813 -0.261746125235
41.353082465972776 -0.131712040326 0.694361230398 -1.14953075877 -0.189428348144
41.39311449159327 -0.10536694307 0.621378324547 -1.15562304745 -0.114551190309
41.43314651721377 -0.0819957399759 0.545866059652 -1.1586737403 -0.0375428567722
41.47317854283427 -0.0616899190417 0.468314495998 -1.15860632557 0.0411549699947
41.51321056845477 -0.0445211048484 0.389225824307 -1.1553621918 0.121089786337
41.55324259407526 -0.0305406202673 0.309111226656 -1.14890101862 0.201801079255
41.593274619695755 -0.0197792024236 0.228487787829 -1.13920102941 0.282823093053
41.63330664531625 -0.0122468195042 0.147875271494 -1.1262591536 0.363687717046
41.67333867093675 -0.00793263437611 0.0677929596503 -1.11009105746 0.443927316569
41.71337069655725 -0.00680508354055 -0.0112435544902 -1.09073107161 0.523077605695
41.75340272217774 -0.00881209111112 -0.0887255367627 -1.06823199756 0.600680486912
41.79343474779824 -0.0138814036146 -0.164154217657 -1.04266480602 0.67628683291
41.833466773418735 -0.0219210532943 -0.237043893143 -1.01411822017 0.749459264055
41.87349879903923 -0.0328199387154 -0.30692485952 -0.982698193771 0.819774777233
41.91353082465973 -0.0464485269468 -0.373346364612 -0.948527280409 0.886827389312
41.95356285028022 -0.062659662751 -0.435879300679 -0.91174390693 0.950230549297
41.99359487590072 -0.0812894914741 -0.4941188985 -0.872501544976 1.00961955153
42.03362690152122 -0.102158483104 -0.547687199286 -0.83096779192 1.0646537499
42.073658927141715 -0.125072552262 -0.596235373958 -0.787323365868 1.1150186354
42.11369095276221 -0.149824269099 -0.63944587101 -0.741761019231 1.16042776013
42.1537229783827 -0.176194150467 -0.677034368013 -0.694484380388 1.20062448546
42.1937550040032 -0.203952026394 -0.708751519298 -0.645706727883 1.23538354766
42.2337870296237 -0.232858470065 -0.73438449462 -0.59564970774 1.26451243636
42.273819055244196 -0.262666288895 -0.753758282407 -0.54454199604 1.28785256215
42.313851080864694 -0.293122059328 -0.766736772152 -0.492617922326 1.3052802264
42.353883106485185 -0.323967701831 -0.773223594098 -0.440116056983 1.31670737377
42.39391513210568 -0.354942084801 -0.773162715118 -0.387277772713 1.32208212627
42.43394715772618 -0.385782647108 -0.766538788861 -0.3343457893 1.32138909741
42.47397918334668 -0.416227029721 -0.753377207646 -0.28156271021 1.3146494391
42.514011208967176 -0.446014702575 -0.733743950147 -0.229169563447 1.30192070577
42.55404323458767 -0.474888584836 -0.707745537718 -0.177404348325 1.28329681572
42.594075260208164 -0.502596645752 -0.675527637713 -0.126500599519 1.25890680083
42.63410728582866 -0.52889349404 -0.637275052299 -0.0766859614888 1.22891479705
42.67413931144916 -0.553541844622 -0.593209711742 -0.0281808725908 1.19351824773
42.71417133706966 -0.576314109561 -0.543590291798 0.0188028619096 1.1529475615
42.754203362690156 -0.596993662631 -0.488709534842 0.0640632047444 1.10746371366
42.794235388310646 -0.615376292888 -0.428893236336 0.107409190661 1.05735733902
42.834267413931144 -0.631271466257 -0.36449810371 0.148662058621 1.00294681487
42.87429943955164 -0.644503503986 -0.295909429 0.187656309554 0.944576177195
42.91433146517214 -0.654912685333 -0.223538832571 0.22424069626 0.882613100525
42.95436349079264 -0.662356250556 -0.147821701668 0.258279124065 0.817446604483
42.99439551641313 -0.666709301833 -0.0692145395154 0.289651460072 0.74948468022
43.034427542033626 -0.667865593899 0.0118078301388 0.318254243675 0.67915178738
43.074459567654124 -0.665738210053 0.094755176571 0.344001294422 0.6068862453
43.11449159327462 -0.660260111928 0.179124868566 0.366824206863 0.533137540962
43.15452361889512 -0.651384578519 0.264404948247 0.386672746217 0.458363576628
43.19455564451561 -0.639085482993 0.350077280644 0.403515098797 0.383027849624
43.23458767013611 -0.623357610871 0.435620673057 0.417338159481 0.30759665917
43.274619695756606 -0.604216510336 0.520514150816 0.428147400228 0.232536173113
43.3146517213771 -0.581698631525 0.604240101434 0.435966997362 0.15830961252
43.3546837469976 -0.55586091396 0.686287458028 0.440839464694 0.0853744010572
43.39471577261809 -0.526780677755 0.766154830346 0.442825558663 0.0141793613151
43.43474779823859 -0.494554990546 0.843353580009 0.442003714003 -0.0548380389923
43.47477982385909 -0.459300209358 0.91741080214 0.438469636069 -0.121254356968
43.514811849479585 -0.421151250636 0.987872360105 0.432335649811 -0.184662892073
43.55484387510008 -0.380260835797 1.05430510704 0.423730026334 -0.244675675485
43.594875900720574 -0.33679849913 1.11630066428 0.412796097917 -0.300926853603
43.63490792634107 -0.290949594266 1.17347674519 0.399691370036 -0.353073873611
43.67493995196157 -0.242914225936 1.22548011022 0.384586567758 -0.400800129683
43.71497197758207 -0.192905984318 1.27198867451 0.367664504939 -0.443816850436
43.755004003202565 -0.141150702634 1.31271339925 0.349118974146 -0.481864792675
43.795036028823056 -0.0878853550598 1.34739972764 0.329153761825 -0.514715527395
43.83506805444355 -0.0333559931946 1.37583014723 0.307980804283 -0.54217373449
43.87510008006405 0.0221832727334 1.39782474553 0.285819276957 -0.564077700413
43.91513210568455 0.0784717551538 1.41324204745 0.262894270279 -0.580300068302
43.95516413130505 0.135244017236 1.42198065148 0.239435155895 -0.590749303313
43.99519615692554 0.192231337153 1.4239793797 0.215674277575 -0.595369827202
44.035228182546035 0.249163352067 1.41921776268 0.191845481639 -0.594142452763
44.07526020816653 0.305769706524 1.4077162225 0.168182643372 -0.587084548021
44.11529223378703 0.361781675477 1.38953585984 0.144918216115 -0.574249845779
44.15532425940753 0.416933788368 1.36477813552 0.12228177941 -0.555728158824
44.19535628502802 0.470965434428 1.33358424671 0.100498603954 -0.53164482158
44.23538831064852 0.523622439508 1.29613427713 0.0797882420359 -0.502159929525
44.275420336269015 0.574658591805 1.25264604019 0.0603631637087 -0.467467303543
44.31545236188951 0.623837142757 1.20337383225 0.0424274152009 -0.427793373913
44.35548438751001 0.670932222223 1.14860680026 0.0261753540552 -0.383395718902
44.3955164131305 0.715730197736 1.08866719204 0.0117904343399 -0.334561498385
44.435548438751 0.758030982896 1.02390844163 -0.000555962609593 -0.281605739714
44.4755804643715 0.797649219181 0.954712931444 -0.0107055841275 -0.224869334196
44.515612489991994 0.834415398957 0.881489693643 -0.0185143095041 -0.164716979229
44.55564451561249 0.868176867497 0.80467186699 -0.0238530449562 -0.101534901401
44.59567654123298 0.898798766312 0.724714118736 -0.026608566049 -0.0357285483523
44.63570856685348 0.926164813575 0.642089798493 -0.026684214277 0.0322799593567
44.67574059247398 0.950178003248 0.557288068952 -0.024000520851 0.102054397106
44.715772618094476 0.970761178332 0.470810908203 -0.018495717796 0.173147120028
44.755804643714974 0.987857483798 0.383170038198 -0.0101261413175 0.245101812943
44.79583666933547 1.00143069462 0.29488379398 0.00113347664309 0.317456293323
44.83586869495596 1.01146541557 0.206473948523 0.0152898316618 0.389745353984
44.87590072057646 1.01796716136 0.118462528746 0.0323309772254 0.461503613669
44.91593274619696 1.02096226505 0.0313685915185 0.0522264088673 0.532268403436
44.955964771817456 1.02049775564 -0.0542949025388 0.0749271758656 0.60158256547
44.995996797437954 1.01664101364 -0.138024259052 0.100366191762 0.668997291083
45.036028823058444 1.00947934821 -0.219328129139 0.128458615081 0.734074877443
45.07606084867894 0.999119441321 -0.297730505111 0.159102349033 0.79639140947
45.11609287429944 0.985686674146 -0.372773637055 0.192178646772 0.855539370872
45.15612489991994 0.969324338865 -0.444020835768 0.227552819128 0.911130153386
45.196156925540436 0.950192745361 -0.511059130415 0.265075036484 0.962796435932
45.236188951160926 0.928468226228 -0.573501776553 0.304581221673 1.01019442974
45.276220976781424 0.904342007942 -0.630990718371 0.345894062695 1.05300608245
45.31625300240192 0.878019062212 -0.683198645851 0.38882404314 1.09094091954
45.35628502802242 0.849716810964 -0.729831039406 0.433170603661 1.12373787437
45.39631705364292 0.819663751684 -0.770628051646 0.478723374735 1.15116697255
45.43634907926341 0.788098120364 -0.805365901514 0.525263375694 1.17303057948
45.476381104883906 0.755266294964 -0.833858477582 0.572564446121 1.18916483526
45.516413130504404 0.721421400735 -0.855958247745 0.620394496419 1.19944046844
45.5564451561249 0.686821628765 -0.871557309444 0.668517015166 1.20376373564
45.5964771817454 0.651728707181 -0.880587977685 0.716692439732 1.20207694719
45.63650920736589 0.616406277204 -0.88302318051 0.764679612058 1.19435882045
45.67654123298639 0.581118192804 -0.878876683756 0.81223730282 1.18062468012
45.716573258606886 0.546127024325 -0.868202901205 0.859125552903 1.16092628735
45.75660528422738 0.511692264802 -0.851096638913 0.905107281069 1.13535160986
45.79663730984788 0.478068890479 -0.827692456848 0.949949574416 1.10402424941
45.83666933546837 0.44550565988 -0.798163844759 0.993425212913 1.06710270282
45.87670136108887 0.41424361787 -0.762722158019 1.03531401034 1.02477940808
45.91673338670937 0.384514659652 -0.721615304321 1.07540410149 0.977279567424
45.956765412329865 0.356540028972 -0.675126217771 1.11349328831 0.924859779849
45.99679743795036 0.330528964368 -0.623571124045 1.14939025337 0.86780648668
46.036829463570854 0.306677398379 -0.567297574378 1.18291572588 0.806434210029
46.07686148919135 0.285166788209 -0.506682325179 1.21390352999 0.74108365304
46.11689351481185 0.266162939103 -0.442128989043 1.24220163954 0.672119595411
46.15692554043235 0.249815018993 -0.374065600954 1.26767306148 0.59992871296
46.196957566052845 0.236254594943 -0.30294192153 1.29019669978 0.524917161709
46.236989591673336 0.225594864417 -0.229226738929 1.30966804479 0.447508160767
46.27702161729383 0.217929905074 -0.15340490459 1.32599984599 0.368139336854
46.31705364291433 0.213334129798 -0.0759744490025 1.33912260091 0.287260140484
46.35708566853483 0.211861784383 0.00255659043694 1.34898500581 0.205329004324
46.39711769415533 0.213546645004 0.0816731781644 1.35555422741 0.122810647864
46.43714971977582 0.218401769892 0.160856572535 1.35881612606 0.0401731283562
46.477181745396315 0.226419439197 0.239587380632 1.35877531032 -0.0421148957745
46.51721377101681 0.237571174179 0.317348893788 1.35545512047 -0.123587152903
46.55724579663731 0.251807922047 0.39363012106 1.34889746365 -0.203782475698
46.59727782225781 0.26906034045 0.467929079425 1.33916255972 -0.282247748519
46.6373098478783 0.289239220657 0.539755731146 1.32632856286 -0.358540538855
46.6773418734988 0.312236031318 0.608635141234 1.3104910752 -0.432231925863
46.717373899119295 0.337923568218 0.674110241679 1.29176256542 -0.502908976782
46.75740592473979 0.366156753728 0.735744854229 1.27027165333 -0.570177454876
46.79743795036029 0.396773502181 0.793126250716 1.24616233529 -0.633664113256
46.83746997598078 0.429595706126 0.845867602662 1.21959310145 -0.693018889562
46.87750200160128 0.464430356684 0.893610426737 1.19073593272 -0.747917096932
46.91753402722178 0.501070677625 0.936026952827 1.15977528555 -0.798061545677
46.957566052842274 0.539297424036 0.972821943765 1.12690692919 -0.843184173922
46.99759807846277 0.578880219516 1.00373455376 1.09233674841 -0.883047712909
47.03763010408327 0.61957895172 1.02854006196 1.05627949397 -0.917447240486
47.07766212970376 0.661145274977 1.04705107653 1.01895743713 -0.946211260447
47.11769415532426 0.703324096182 1.05911884035 0.980599039072 -0.969202872909
47.157726180944756 0.745855155543 1.06463410695 0.941437535402 -0.986320559735
47.197758206565254 0.788474629702 1.06352779819 0.901709500509 -0.997498774683
47.23779023218575 0.830916732466 1.0557714724 0.86165341405 -1.00270836368
47.27782225780624 0.872915367097 1.04137744961 0.821508181211 -1.00195667807
47.31785428342674 0.914205741441 1.02039881676 0.781511686206 -0.995287580453
47.35788630904724 0.954525993837 0.992929098735 0.741899336074 -0.982781151129
47.397918334667736 0.993618809991 0.959101645857 0.702902612521 -0.964553140807
47.437950360288234 1.03123299934 0.919088904313 0.664747660003 -0.940754318341
47.477982385908724 1.06712504122 0.873101291716 0.627653900775 -0.911569464944
47.51801441152922 1.10106057894 0.821385960688 0.591832696614 -0.8772162681
47.55804643714972 1.13281585684 0.764225317403 0.557486061441 -0.837943996051
47.59807846277022 1.16217909696 0.701935229828 0.524805428112 -0.794031894407
47.638110488390716 1.18895181384 0.634863182387 0.493970470434 -0.745787534775
47.678142514011206 1.21295002634 0.56338609557 0.465148017479 -0.693544863355
47.718174539631704 1.23400539233 0.487908034355 0.438491036819 -0.637662149956
47.7582065652522 1.25196625387 0.408857796961 0.414137697926 -0.578519829854
47.7982385908727 1.26669855635 0.326686214347 0.392210548405 -0.516518086617
47.8382706164932 1.27808670933 0.241863479276 0.372815742336 -0.452074461407
47.87830264211369 1.28603427688 0.154876215949 0.356042421316 -0.385621229952
47.918334667734186 1.29046455173 0.0662244527011 0.341962199458 -0.317602692717
47.958366693354684 1.29132108718 -0.0235813127204 0.330628686209 -0.24847254796
47.99839871897518 1.28856804584 -0.1140232333 0.322077173101 -0.178691098756
48.03843074459568 1.28219040674 -0.204579323261 0.316324447363 -0.108722379078
48.07846277021617 1.27219407145 -0.294726700201 0.313368695847 -0.0390312515646
48.11849479583667 1.25860582014 -0.383944760687 0.313189543324 0.0299194351504
48.158526821457166 1.24147318094 -0.471718319685 0.315748168407 0.0976716567185
48.19855884707766 1.22086417173 -0.557540693367 0.320987533627 0.163774972664
48.23859087269816 1.19686686391 -0.640916887032 0.328832774863 0.227789380118
48.27862289831865 1.16958883847 -0.721366690605 0.339191687263 0.28928808478
48.31865492393915 1.13915656091 -0.798427517314 0.351955283713 0.347860041931
48.35868694955965 1.10571462984 -0.871657171077 0.366998466392 0.403112433598
48.398718975180145 1.06942488472 -0.940636629121 0.384180824494 0.454673159385
48.43875100080064 1.03046542919 -1.00497264332 0.403347507386 0.502193164972
48.478783026421134 0.989029554476 -1.06430008175 0.424330187339 0.545348537981
48.51881505204163 0.945324572305 -1.11828413048 0.446948103135 0.583842478736
48.55884707766213 0.899570552049 -1.16662237213 0.471009189478 0.617407160633
48.59887910328263 0.851998992655 -1.20904666324 0.496311264733 0.645805410413
48.638911128903125 0.802851412163 -1.2453247341 0.522643292432 0.668832139838
48.678943154523616 0.752377886709 -1.27526158998 0.549786687986 0.686315599638
48.71897518014411 0.700835528451 -1.29870070952 0.577516680047 0.698118451753
48.75900720576461 0.64848693298 -1.31552502547 0.605603699169 0.704138646693
48.79903923138511 0.595598580175 -1.32565760721 0.633814808115 0.704310033921
48.83907125700561 0.542439219511 -1.32906212949 0.661915146067 0.698602780737
48.8791032826261 0.489278230004 -1.32574306207 0.689669395498 0.687023541297
48.919135308246595 0.436383998872 -1.31574567965 0.716843232268 0.669615464697
48.95916733386709 0.384022295202 -1.29915577348 0.743204780148 0.646457935931
48.99919935948759 0.332454643098 -1.27609904188 0.768526065783 0.61766602935
49.03923138510809 0.281936750963 -1.24674042896 0.792584423356 0.583389915727
49.079263410728586 0.2327169571 -1.2112830385 0.815163884615 0.543813888915
49.11929543634908 0.18503472325 -1.16996683869 0.836056525926 0.499155205236
49.159327461969575 0.139119189383 -1.12306731612 0.855063760469 0.44966287744
49.19935948759007 0.0951877902513 -1.07089366014 0.871997575081 0.395616048133
49.23939151321057 0.0534449408348 -1.01378687713 0.886681705388 0.337322300428
49.27942353883107 0.0140807907205 -0.952117790127 0.898952749179 0.275115866036
49.31945556445156 -0.0227299008277 -0.886284625958 0.908661171679 0.209355463883
49.35948759007206 -0.0568288295041 -0.816710640321 0.915672256798 0.140422172799
49.399519615692554 -0.0880751013499 -0.743841550657 0.919866960532 0.0687171320779
49.43955164131305 -0.116346047788 -0.668142692468 0.921142638654 -0.00534100559074
49.47958366693355 -0.141537982255 -0.590096240391 0.919413722078 -0.081318563191
49.51961569255404 -0.163566831344 -0.510198289795 0.914612279838 -0.158769453321
49.55964771817454 -0.182368579588 -0.428955680464 0.906688415147 -0.237238023089
49.599679743795036 -0.197899681444 -0.346882992016 0.895610632075 -0.316261745189
49.639711769415534 -0.21013728692 -0.264499332425 0.881366035321 -0.395374094249
49.67974379503603 -0.219079365814 -0.182325169938 0.863960439184 -0.474107384284
49.71977582065652 -0.224744697036 -0.100879133386 0.843418355671 -0.551995634454
49.75980784627702 -0.227172731312 -0.020674829819 0.819782869244 -0.628577419273
49.79983987189752 -0.226423327609 0.0577822978682 0.793115398425 -0.703398683005
49.839871897518016 -0.222576361984 0.133998110623 0.763495343169 -0.77601555162
49.879903923138514 -0.215731218142 0.20749275143 0.731019626291 -0.845997000135
49.919935948759004 -0.206006148841 0.277803649076 0.695802119202 -0.912927542821
49.9599679743795 -0.193537537456 0.344488298249 0.657972978252 -0.976409723114
50.0 -0.178479027234 0.407127031792 0.617677862553 -1.03606659647
