0.0 1.0 0.0 -0.5 0.0
0.040032025620496396 0.997104574636 -0.144550941805 -0.497558282235 0.121900876368
0.08006405124099279 0.988443623687 -0.287838180973 -0.490254297081 0.242745372582
0.1200960768614892 0.974092480228 -0.428624875503 -0.478151038599 0.361498237616
0.16012810248198558 0.95417531999 -0.565726784315 -0.461352430885 0.477165612988
0.200160128102482 0.92886208828 -0.698034861574 -0.440000885013 0.588812842401
0.2401921537229784 0.898365334681 -0.824534123225 -0.414274817814 0.695579378696
0.28022417934347477 0.862936208496 -0.94431747067 -0.384385493251 0.79668976242
0.32025620496397117 0.822859680948 -1.05659559121 -0.350573251922 0.891461564642
0.3602882305844676 0.778450020799 -1.16069919148 -0.31310393322 0.979307336249
0.400320256204964 0.730045875565 -1.25607826084 -0.272264978664 1.05973427537
0.4403522818254604 0.678005613816 -1.34229596058 -0.228361729739 1.13233971118
0.4803843074459568 0.622703004779 -1.41901882621 -0.18171397757 1.19680373816
0.5204163330664532 0.564523215259 -1.48600506813 -0.132652752115 1.25288038336
0.5604483586869495 0.503859595426 -1.5430886711 -0.0815177062643 1.3003855465
0.600480384307446 0.441110825657 -1.59016591382 -0.0286547761076 1.33918684416
0.6405124099279423 0.376678760657 -1.62718018262 0.0255856347599 1.36919217356
0.6805444355484388 0.310966777255 -1.65410877795 0.0808500938417 1.39033987541
0.7205764611689351 0.244378690128 -1.67095137728 0.136783156444 1.40259025451
0.7606084867894315 0.177318033959 -1.67772101928 0.193028116528 1.40591909756
0.800640512409928 0.110187663771 -1.674438237 0.249227533233 1.40031370069
0.8406725380304243 0.0433895014889 -1.66112878647 0.305023667958 1.38577176883
0.8807045636509208 -0.0226756682706 -1.63782433738 0.360058911321 1.36230263889
0.9207365892714171 -0.0876085324942 -1.60456684106 0.413976340686 1.32993140694
0.9607686148919136 -0.151011778292 -1.56141585627 0.466420456914 1.28870536456
1.00080064051241 -0.212490977381 -1.50845837334 0.517038219229 1.23870234466
1.0408326661329064 -0.271655935757 -1.44582115332 0.565480484848 1.18004101038
1.0808646917534028 -0.328122559949 -1.37368427543 0.611403869314 1.11289198479
1.120896717373899 -0.381515263665 -1.29229513011 0.654473045844 1.0374892033
1.1609287429943955 -0.431469941204 -1.20198207922 0.694363504127 0.954140851475
1.200960768614892 -0.477637457839 -1.10316668308 0.730764719 0.863238988537
1.2409927942353882 -0.519687588361 -0.996373546501 0.763383668214 0.765267086192
1.2810248198558847 -0.55731334993 -0.882236853173 0.791948652672 0.660804719708
1.3210568454763811 -0.590235299459 -0.761502696687 0.816213047455 0.550528743789
1.3610888710968776 -0.618206052285 -0.635026904318 0.835959215482 0.43521064961
1.4011208967173738 -0.641014604235 -0.503767969498 0.851002222596 0.315709849237
1.4411529223378703 -0.658490092439 -0.368775233282 0.861193047104 0.19296306188
1.4811849479583667 -0.670505426296 -0.231171151942 0.866421659939 0.0679687160688
1.521216973578863 -0.676979454918 -0.0921317802533 0.866618841383 -0.0582299322437
1.5612489991993594 -0.677878810727 0.0471370745866 0.861757713713 -0.184565337724
1.601281024819856 -0.673218571273 0.185424663422 0.851854260779 -0.309966895089
1.6413130504403524 -0.663061940766 0.321540605182 0.836967009701 -0.43338253165
1.6813450760608486 -0.647519010439 0.454338339012 0.817195929035 -0.553798679872
1.721377101681345 -0.626744470075 0.58273854704 0.792680429353 -0.670260216316
1.7614091273018415 -0.60093458801 0.705745890688 0.763596747035 -0.781884730112
1.801441152922338 -0.570323553056 0.822463672968 0.730154778881 -0.887875071383
1.8414731785428342 -0.53517930861 0.932102996497 0.69259448194 -0.987527271152
1.8815052041633307 -0.495799144022 1.03398678476 0.651182059832 -1.08023416128
1.9215372297838271 -0.452505220652 1.12755020837 0.606206086673 -1.16548597978
1.9615692554043234 -0.405640171242 1.21233505859 0.557973678883 -1.24286590337
2.00160128102482 -0.355562856787 1.28798016899 0.506806789057 -1.3120422596
2.0416333066453163 -0.30264494379 1.35421232737 0.453039183819 -1.37276112557
2.0816653322658127 -0.247267472622 1.41083213812 0.397013400101 -1.42483466778
2.121697357886309 -0.189818185395 1.45770016178 0.339078333632 -1.46812968263
2.1617293835068057 -0.130689477763 1.49472356187 0.279587345444 -1.50255651281
2.2017614091273017 -0.070276716544 1.52184329204 0.218896670343 -1.52805835202
2.241793434747798 -0.00897716542406 1.53902310757 0.157364334551 -1.5446020225
2.2818254603682946 0.0528107872879 1.54624125861 0.0953493301284 -1.55217094187
2.321857485988791 0.114688079298 1.54348512229 0.0332110617696 -1.55076047064
2.3618895116092875 0.176255279238 1.5307486477 -0.0286910770978 -1.54037556423
2.401921537229784 0.237112855291 1.50803337682 -0.0899980874923 -1.52103134998
2.4419535628502804 0.296861559966 1.47535279787 -0.150351836113 -1.4927564504
2.4819855884707764 0.355103054332 1.43273969035 -0.209395710189 -1.45559874998
2.522017614091273 0.411440844014 1.38025578594 -0.266775504431 -1.40963303085
2.5620496397117694 0.465481645072 1.31800363516 -0.322140662727 -1.35497049211
2.602081665332266 0.516837363061 1.2461413037 -0.375146044925 -1.29177067815
2.6421136909527623 0.56512762665 1.16489636338 -0.42545410498 -1.22025271676
2.6821457165732587 0.609982718819 1.07457854701 -0.472737363966 -1.14070546743
2.722177742193755 0.651047200309 0.975593116604 -0.516681497068 -1.05349841611
2.762209767814251 0.687983943938 0.868450774676 -0.556988728384 -0.959089701342
2.8022417934347477 0.720478358001 0.75377462382 -0.593381377472 -0.858031757372
2.842273819055244 0.748243344462 0.632303376448 -0.625606016107 -0.75097391419
2.8823058446757406 0.771023663504 0.504889016005 -0.653437126748 -0.638660483119
2.922337870296237 0.788600181416 0.372489492717 -0.676680666634 -0.521924791612
2.9623698959167335 0.800794135401 0.236157721067 -0.69517765518 -0.401680181607
3.00240192153723 0.807470473435 0.0970235878482 -0.708806997069 -0.278905267962
3.042433947157726 0.808540651557 -0.0437252538184 -0.717487863041 -0.154628176652
3.0824659727782224 0.803964378752 -0.184868013073 -0.721181204706 -0.0299062795951
3.122497998398719 0.793750504522 -0.325175714868 -0.719890563029 0.0941944008948
3.1625300240192153 0.777956798998 -0.463437365219 -0.713661961477 0.216620875041
3.202562049639712 0.756688734857 -0.598484815422 -0.702582969536 0.336353899967
3.2425940752602083 0.730097309259 -0.729215466707 -0.686780964 0.452427032601
3.2826261008807047 0.69837600971 -0.854611371297 -0.666420668076 0.563942836976
3.322658126501201 0.661757129784 -0.973754138356 -0.641701134318 0.670085748418
3.362690152121697 0.620507450119 -1.08583503883 -0.612852177571 0.77013110765
3.4027221777421937 0.574924056544 -1.1901594421 -0.580130894852 0.863449537978
3.44275420336269 0.525329463934 -1.28614730248 -0.543817578823 0.949508227876
3.4827862289831866 0.472067209939 -1.3733284283 -0.504211984952 1.02786787584
3.522818254603683 0.415497456391 -1.45133360847 -0.461629563421 1.09817627264
3.5628502802241795 0.355993609821 -1.51988433549 -0.416398521217 1.16016056302
3.602882305844676 0.293938361511 -1.57877796179 -0.368856334779 1.21361590617
3.642914331465172 0.229721173794 -1.62787364434 -0.319347450939 1.25839452115
3.6829463570856684 0.163736285962 -1.66707868807 -0.268221395951 1.2943949463
3.722978382706165 0.0963809211969 -1.69633483306 -0.215831018485 1.32155121156
3.7630104083266613 0.0280541264904 -1.71560653545 -0.162531241338 1.3398234862
3.803042433947158 -0.0408439247121 -1.72487174868 -0.108678185914 1.34919062587
3.8430744595676543 -0.109912342608 -1.7241155934 -0.0546285313004 1.3496449522
3.8831064851881507 -0.178749723276 -1.71332733929 -0.000739047924292 1.34118960682
3.9231385108086467 -0.246954316976 -1.69250078737 0.0526338317684 1.32383855506
3.963170536429143 -0.314124288879 -1.66163826564 0.105134501782 1.29761941167
4.00320256204964 -0.379858169587 -1.62075715372 0.156408810058 1.26257824263
4.0432345876701365 -0.443755639677 -1.5698998286 0.206104933259 1.21878703544
4.083266613290633 -0.505418778886 -1.50914628694 0.25387460128 1.16635325254
4.123298638911129 -0.564453851953 -1.43862812461 0.299374729483 1.1054304293
4.1633306645316255 -0.62047367 -1.35854319662 0.342269487732 1.03622927853
4.2033626901521215 -0.673100537287 -1.26917024001 0.382232811998 0.959028733019
4.243394715772618 -0.721969764657 -1.17088250205 0.418951342246 0.874186170922
4.283426741393114 -0.766733691108 -1.06415924158 0.452127739468 0.782145935496
4.323458767013611 -0.807066107676 -0.949594037853 0.481484297599 0.683445314681
4.363490792634107 -0.842666936366 -0.82789907934 0.5067667334 0.578717334285
4.403522818254603 -0.873266987131 -0.699904925325 0.527748015378 0.468689980341
4.4435548438751 -0.898632603434 -0.566554612537 0.544232078396 0.354180967787
4.483586869495596 -0.918569988974 -0.428892441397 0.556057263712 0.236088336633
4.523618895116093 -0.932928904419 -0.288048898484 0.563099245954 0.115378037674
4.563650920736589 -0.941605786241 -0.145220585563 0.565273481054 -0.00693237497048
4.603682946357086 -0.944545845849 -0.00164576894011 0.562536828168 -0.129793437804
4.643714971977582 -0.941744298186 0.141420942264 0.554888475759 -0.252144107327
4.683746997598078 -0.933246454432 0.282735359986 0.542369956059 -0.372933151582
4.723779023218575 -0.919146764249 0.421090051582 0.525064320763 -0.491140135108
4.763811048839071 -0.89958691892 0.555338604054 0.503094569968 -0.605794713754
4.803843074459568 -0.874752946571 0.684416574938 0.47662128032 -0.715993254524
4.843875100080064 -0.844871532436 0.807358228597 0.445839618718 -0.820912083336
4.883907125700561 -0.81020581777 0.923308417689 0.410975944079 -0.91981687192
4.923939151321057 -0.771050846451 1.03152925989 0.372284131306 -1.01206789978
4.963971176941553 -0.727728827925 1.13140160137 0.330041750616 -1.09712119569
5.00400320256205 -0.68058442789 1.22242190602 0.284546269007 -1.17452607635
5.044035228182546 -0.62998026765 1.30419472746 0.236111416338 -1.2439192193
5.084067253803043 -0.576292807022 1.37642201603 0.185063853008 -1.30501627143
5.124099279423539 -0.519908714803 1.43889006245 0.131740219602 -1.35760163707
5.164131305044036 -0.461221764222 1.49145521481 0.076484596296 -1.40151734879
5.204163330664532 -0.400630272329 1.53402933436 0.0196463848885 -1.43665178966
5.244195356285028 -0.338535204312 1.56656566527 -0.0384212945698 -1.46292882052
5.2842273819055245 -0.275338879545 1.58904649659 -0.0973627452998 -1.48029839951
5.324259407526021 -0.211443881143 1.60147313535 -0.156820688874 -1.48872908005
5.3642914331465175 -0.147252458593 1.60385831681 -0.216436889916 -1.48820252286
5.4043234587670135 -0.08316622112 1.59622179944 -0.275852572682 -1.47871059469
5.44435548438751 -0.0195858599942 1.57858961444 -0.334708840812 -1.46025541615
5.484387510008006 0.0430891344844 1.55099623406 -0.392647125186 -1.43285176339
5.524419535628502 0.104460908251 1.51349029668 -0.449309782827 -1.39653232123
5.564451561248999 0.164133975607 1.46614307159 -0.504340958807 -1.35135511203
5.604483586869495 0.221716335164 1.40905937594 -0.557387781186 -1.2974128523
5.644515612489992 0.276821053442 1.34239025021 -0.608101953614 -1.23484365784
5.684547638110488 0.329068467039 1.26634691129 -0.656141871354 -1.16384268523
5.724579663730985 0.378088748653 1.18121397811 -0.701175024413 -1.08467306619
5.764611689351481 0.423525105594 1.08736250478 -0.742880933154 -0.997676564071
5.804643714971977 0.465037550518 0.985261405403 -0.780954555789 -0.903282776028
5.844675740592474 0.502306972595 0.875485574688 -0.815109921947 -0.802015492227
5.88470776621297 0.53503947996 0.758720456437 -0.845083976518 -0.694496008531
5.924739791833467 0.562970843871 0.635762281171 -0.870640487312 -0.58144275622
5.964771817453963 0.585870859141 0.507513522606 -0.891573859021 -0.463666887286
6.00480384307446 0.603547415628 0.374973468006 -0.907712679972 -0.34206374241
6.044835868694956 0.615850058292 0.239224336422 -0.918922813737 -0.217600585321
6.084867894315452 0.622673172572 0.101411756693 -0.925110158836 -0.0912995459622
6.124899919935949 0.623957829252 -0.0372760233807 -0.926222243236 0.0357804034267
6.164931945556445 0.619693128866 -0.175632686663 -0.922249386385 0.162564694062
6.204963971176942 0.609916392687 -0.312458968931 -0.913224863681 0.287984861298
6.244995996797438 0.594712411895 -0.446586755933 -0.899224257273 0.410999371343
6.285028022417935 0.574211714739 -0.576903003526 -0.880363957413 0.530614338164
6.325060048038431 0.548587953543 -0.70236911272 -0.856798899944 0.645900389839
6.365092073658927 0.518054586353 -0.822037399872 -0.828719687367 0.756007121542
6.405124099279424 0.4828609847 -0.93506275946 -0.796349203068 0.860173501532
6.44515612489992 0.443288171913 -1.04070916237 -0.759938889793 0.957733929062
6.4851881505204165 0.399644442755 -1.13835272646 -0.719764911775 1.04812139612
6.5252201761409125 0.352260838105 -1.22747725338 -0.676124158239 1.13086427503
6.5652522017614094 0.30148697099 -1.30766832252 -0.629330533743 1.2055818482
6.6052842273819055 0.247687212045 -1.37860358636 -0.579711530012 1.27197657427
6.645316253002402 0.191237192501 -1.44004061372 -0.527605047485 1.32982420407
6.685348278622898 0.132520868833 -1.49180310342 -0.473356676992 1.37896244006
6.725380304243394 0.0719281714549 -1.53376704243 -0.417317465713 1.41927943208
6.765412329863891 0.00985316328736 -1.56584757602 -0.359842108433 1.45070273929
6.805444355484387 -0.0533072791549 -1.58798722531 -0.301287581879 1.47318931162
6.845476381104884 -0.117154344034 -1.60014600685 -0.242012154084 1.48671693312
6.88550840672538 -0.181287875657 -1.60229487295 -0.182374651434 1.49127832318
6.925540432345877 -0.245306690968 -1.59441150015 -0.122733970022 1.48687708418
6.965572457966373 -0.308808834026 -1.57647983621 -0.0634486671349 1.47352669551
7.005604483586869 -0.371391875106 -1.54849293283 -0.0048765379701 1.45125214399
7.045636509207366 -0.432653406061 -1.51045920542 0.0526259396436 1.42009433058
7.085668534827862 -0.492191772156 -1.46241082263 0.108704315752 1.38011627147
7.125700560448359 -0.549607287633 -1.40441576278 0.163007265045 1.33141220617
7.165732586068855 -0.604503922574 -1.33659099019 0.215188026681 1.27411770936
7.205764611689352 -0.656491548564 -1.25911687218 0.264906279037 1.20842084309
7.245796637309848 -0.705188769318 -1.17225174482 0.31183046821 1.13457348954
7.285828662930344 -0.750226321321 -1.07634565357 0.355640581071 1.0529020898
7.325860688550841 -0.791250989796 -0.971852229465 0.396031321771 0.963816958418
7.365892714171337 -0.827929903523 -0.859337630302 0.432715584892 0.867819318156
7.405924739791834 -0.859955185529 -0.739485841703 0.465428210535 0.765505487686
7.44595676541233 -0.887048778541 -0.613099536382 0.493929878197 0.657567572074
7.485988791032827 -0.908967273415 -0.481095898095 0.518011005301 0.544790179848
7.526020816653323 -0.925505838727 -0.344496221124 0.537494925586 0.42804221689
7.566052842273819 -0.936502453145 -0.204411940685 0.552241319766 0.30826582812
7.606084867894316 -0.941841098527 -0.0620253830601 0.56214881717 0.186461133441
7.646116893514812 -0.941454108588 0.0814332831491 0.567156928573 0.0636679129325
7.6861489191353085 -0.935323601501 0.224711330205 0.567247249084 -0.0590545310261
7.7261809447558045 -0.923481861766 0.366560151502 0.562443823661 -0.180648681826
7.766212970376301 -0.906010628829 0.505761759068 0.552812638227 -0.30008004207
7.806244995996797 -0.883039370219 0.641153594426 0.538460294999 -0.416357104639
7.8462770216172935 -0.854742621532 0.771650465051 0.519531934913 -0.528549116468
7.88630904723779 -0.821336480786 0.896262228075 0.496208472093 -0.635800543741
7.926341072858286 -0.783074548969 1.01410706175 0.46870337167 -0.737342093928
7.966373098478783 -0.740243523882 1.12441918617 0.437259131946 -0.832497375555
8.00640512409928 -0.693158218361 1.22655215942 0.402143285699 -0.920686127492
8.046437149719775 -0.642157065066 1.31997595997 0.363644764099 -1.00142248142
8.086469175340273 -0.587597470528 1.40427071374 0.322070117247 -1.0743106148
8.126501200960769 -0.529851607721 1.47911650061 0.277740057443 -1.13903727198
8.166533226581265 -0.46930271789 1.54428043242 0.230986380023 -1.19536210563
8.206565252201761 -0.406341722836 1.59960307239 0.1821491181 -1.2431074791
8.246597277822257 -0.341364822892 1.64498248198 0.131574437249 -1.28214633851
8.286629303442755 -0.274771361517 1.68036053856 0.0796127382269 -1.31239186509
8.326661329063251 -0.206962314001 1.70570948155 0.0266172301489 -1.33378726965
8.366693354683747 -0.13833936187 1.72102075722 -0.0270570520945 -1.3462973653
8.406725380304243 -0.0693043391371 1.72629723442 -0.0810539520544 -1.34990277599
8.446757405924739 -0.000258808700429 1.72154748035 -0.135016801125 -1.34459575434
8.486789431545237 0.0683960967954 1.70678386056 -0.188588836907 -1.33037897874
8.526821457165733 0.136259842481 1.68202441911 -0.241413639714 -1.30726730168
8.566853482786229 0.202932803085 1.64729720905 -0.29313568924 -1.27529140506
8.606885508406725 0.26801680083 1.60264830363 -0.343401110667 -1.23450430855
8.646917534027223 0.331116032695 1.54815272789 -0.391858735098 -1.18499012237
8.686949559647719 0.391838483942 1.48392726765 -0.438161546756 -1.12687421168
8.726981585268215 0.449797882553 1.41014439256 -0.481968556918 -1.0603341552
8.76701361088871 0.504616218281 1.32704663665 -0.522947120301 -0.985610963429
8.807045636509207 0.555926827439 1.23496057067 -0.560775690817 -0.903019858387
8.847077662129704 0.60337801138 1.13430929689 -0.595146986264 -0.81295976027
8.8871096877502 0.646637110653 1.0256223805 -0.6257714949 -0.715920617995
8.927141713370697 0.68539491114 0.909542280411 -0.652381220836 -0.612487842318
8.967173738991193 0.719370216941 0.786826828363 -0.674733534661 -0.503343497997
9.007205764611689 0.748314452202 0.658346072702 -0.692615008293 -0.389262904861
9.047237790232186 0.772016027541 0.525074487032 -0.705845029215 -0.271107496315
9.087269815852682 0.790304237306 0.38807891021 -0.714279006659 -0.149814251992
9.127301841473178 0.803052659276 0.24850114506 -0.717811138922 -0.0263808490805
9.167333867093674 0.810181680237 0.107536050558 -0.716376439845 0.0981527625324
9.207365892714172 0.81166021182 -0.0335919309518 -0.709952091991 0.222723978611
9.247397918334668 0.807506352408 -0.17365447455 -0.698557919491 0.346268867799
9.287429943955164 0.797787015811 -0.311445429988 -0.682256004793 0.467743695802
9.32746196957566 0.782616534265 -0.445805412317 -0.661149461002 0.586145170519
9.367493995196156 0.762154327706 -0.575643882873 -0.635380436443 0.700528570932
9.407526020816654 0.736601812455 -0.699957909107 -0.605127495171 0.810023116749
9.44755804643715 0.706198561121 -0.817846256792 -0.570602384365 0.91384348882
9.487590072057646 0.671218005676 -0.928518435015 -0.532046428742 1.01129721433
9.527622097678142 0.631962926298 -1.03129902181 -0.489726750262 1.10178819912
9.567654123298638 0.588760846632 -1.12562687487 -0.44393241123 1.1848160921
9.607686148919136 0.541959545901 -1.21105001442 -0.39497065202 1.25997213399
9.647718174539632 0.491922864463 -1.28721673538 -0.343163366749 1.326931952
9.687750200160128 0.439026898455 -1.35386431434 -0.288843894243 1.38544641565
9.727782225780624 0.383656663753 -1.41080540185 -0.232354189025 1.43533063079
9.767814251401122 0.32620346903 -1.45791398594 -0.174042564772 1.47645261797
9.807846277021618 0.267062594858 -1.49511161662 -0.114261684123 1.5087222173
9.847878302642114 0.206631760631 -1.52235395549 -0.0533671832086 1.53208029614
9.88791032826261 0.14531000674 -1.53962039097 0.00828337310689 1.54649047904
9.927942353883106 0.0834967836163 -1.54690464397 0.0703313724549 1.55193169699
9.967974379503604 0.021591712263 -1.54421023457 0.132417503249 1.54839474733
10.0080064051241 -0.0400059181897 -1.53154708366 0.194182322222 1.53587976752
10.048038430744596 -0.100897360294 -1.50893262973 0.255266597041 1.51439742082
10.088070456365092 -0.160684771035 -1.47639584322 0.315311780006 1.48397244317
10.128102481985588 -0.218971822015 -1.43398452678 0.373960706354 1.44464988782
10.168134507606085 -0.275364628957 -1.38177503737 0.430858547875 1.39650331234
10.208166533226581 -0.329473133146 -1.3198842445 0.485654157401 1.33964479073
10.248198558847077 -0.380912985131 -1.24848284262 0.538001828575 1.27423599478
10.288230584467573 -0.429307986464 -1.16780925948 0.587563519626 1.20049972181
10.328262610088071 -0.474293059815 -1.07818306686 0.634011512576 1.11873096212
10.368294635708567 -0.515517738863 -0.9800171984 0.677031502276 1.02930693214
10.408326661329063 -0.552650224018 -0.873827901687 0.716326153406 0.932695176838
10.44835868694956 -0.585381201314 -0.760240646654 0.751618431257 0.829458300484
10.488390712570055 -0.613429165722 -0.639994496398 0.782656229639 0.72025732536
10.528422738190553 -0.63654413092 -0.513937953894 0.809215572872 0.605848000407
10.568454763811049 -0.654512212421 -0.383022974911 0.831104585898 0.487075511812
10.608486789431545 -0.667159513393 -0.248292989184 0.848166853606 0.36486418478
10.648518815052041 -0.674355475031 -0.110866424698 0.860284321988 0.240203408265
10.688550840672539 -0.676015545283 0.0280834039036 0.867379619071 0.114130499036
10.728582866293035 -0.672102728539 0.167352318491 0.869417421639 -0.0122897566239
10.768614891913531 -0.662628539405 0.305729175181 0.866405314712 -0.137985488973
10.808646917534027 -0.647652640852 0.442021727858 0.858393527971 -0.261899847224
10.848678943154523 -0.627281662209 0.575080641299 0.845473969261 -0.383011615172
10.88871096877502 -0.601667007671 0.703821489183 0.827778389605 -0.500354216562
10.928742994395517 -0.571001871288 0.827243270147 0.805475859157 -0.613031877551
10.968775020016013 -0.535517608454 0.944442588588 0.778769676879 -0.720232219819
11.008807045636509 -0.495479637423 1.05462306305 0.747893857046 -0.821234907802
11.048839071257005 -0.451182909526 1.1570998417 0.713109218209 -0.915416255497
11.088871096877503 -0.402947735989 1.25129922558 0.674699751802 -1.00224966174
11.128903122497999 -0.351115215627 1.33675399054 0.632968611575 -1.08130251572
11.168935148118495 -0.296043121473 1.41309492574 0.588234460086 -1.1522298443
11.20896717373899 -0.238102242731 1.48003961368 0.540828171525 -1.21476555937
11.248999199359488 -0.17767309406 1.53737898413 0.491089809981 -1.26871175932
11.289031224979984 -0.115143524515 1.58496459762 0.439366373272 -1.31392845408
11.32906325060048 -0.0509061008731 1.62269262965 0.386009267644 -1.35032051748
11.369095276220976 0.014643170636 1.65049173855 0.331372948946 -1.37782759817
11.409127301841473 0.0811057606437 1.66831304492 0.275813871635 -1.39641563921
11.44915932746197 0.148081450555 1.67612100721 0.219689485059 -1.40606904075
11.489191353082466 0.215168796116 1.67388746276 0.163357546348 -1.40678532698
11.529223378702962 0.281965339915 1.66158932083 0.107175695448 -1.39857252931
11.569255404323458 0.348067819027 1.63920956658 0.0515010447004 -1.38144932083
11.609287429943954 0.413072480497 1.60674217018 -0.00331036508337 -1.35544846521
11.649319455564452 0.476575610611 1.56419695393 -0.0569039095219 -1.32061920637
11.689351481184948 0.538174484604 1.51161460296 -0.108927723525 -1.27703970806
11.729383506805444 0.597468743189 1.44907564562 -0.159033625234 -1.22482265828
11.76941553242594 0.654062325151 1.37671610919 -0.206878866663 -1.16412734653
11.809447558046438 0.707565949874 1.29474185041 -0.252128163459 -1.09517039698
11.849479583666934 0.757600308033 1.20344380956 -0.29445631073 -1.01823735311
11.88951160928743 0.803799523756 1.10321052963 -0.333550970346 -0.933692145079
11.929543634907926 0.845815478018 0.994540028559 -0.369116133138 -0.841986054805
11.969575660528422 0.883322318511 0.87804733122 -0.400875708197 -0.743663339795
12.00960768614892 0.916021221481 0.75446802693 -0.428577300832 -0.639363774685
12.049639711769416 0.943645210463 0.624657011384 -0.451996025824 -0.52982144934
12.089671737389912 0.96596381999 0.489581994431 -0.470938191179 -0.415859497623
12.129703763010408 0.982787379032 0.350311806829 -0.485244677127 -0.298380780298
12.169735788630904 0.99397072596 0.207999843048 -0.494793863876 -0.178354783471
12.209767814251402 0.999416340986 0.0638620913156 -0.49950409942 -0.0568002854059
12.249799839871898 0.999076171513 -0.0808465649009 -0.499335136628 0.0652332980428
12.289831865492394 0.992952735991 -0.224858995683 -0.494289003168 0.186686882497
12.32986389111289 0.981099063708 -0.366923046319 -0.484409955623 0.306513128519
12.369895916733388 0.9636175601 -0.505827813275 -0.469783588181 0.423697119544
12.409927942353884 0.940657909872 -0.640427560157 -0.450535183774 0.537275201905
12.44995996797438 0.912413950535 -0.76966323286 -0.426827253724 0.646351966301
12.489991993594876 0.879119940988 -0.892577827512 -0.398856598351 0.750112430587
12.530024019215372 0.841046199352 -1.00832810581 -0.366850867013 0.847831390357
12.57005604483587 0.79849441327 -1.11619025865 -0.331064853637 0.938878059578
12.610088070456365 0.751792843741 -1.2155615105 -0.291776701969 1.02271755452
12.650120096076861 0.701291543907 -1.30595545301 -0.249284110196 1.09890750833
12.690152121697357 0.647357740031 -1.3869929189 -0.203900651451 1.16709122475
12.730184147317853 0.590371961991 -1.45839236025 -0.155952671268 1.22699046076
12.770216172938351 0.530724267424 -1.51995553686 -0.105776242013 1.27839458384
12.810248198558847 0.468811202966 -1.57155268169 -0.0537146810309 1.32114935646
12.850280224179343 0.405033419299 -1.61310776482 -0.000116563837075 1.35514584308
12.89031224979984 0.3397937553 -1.6445844624 0.0546659161053 1.38030989244
12.930344275420337 0.273495927541 -1.66597352121 0.110278131148 1.39659276905
12.970376301040833 0.206543667254 -1.67728264005 0.166363873673 1.40396379482
13.010408326661329 0.139340155788 -1.67852957388 0.222566004313 1.40240555964
13.050440352281825 0.0722877470574 -1.66973777205 0.278526898677 1.3919111549
13.090472377902321 0.0057877555069 -1.65093580341 0.333888867899 1.37248439664
13.130504403522819 -0.059759787919 -1.62216007887 0.388294624578 1.34414263342
13.170536429143315 -0.12395656329 -1.58346086123 0.441387936107 1.3069221724
13.210568454763811 -0.186406676853 -1.53491109159 0.49281452156 1.26088584594
13.250600480384307 -0.246717825476 -1.47661805421 0.542223330133 1.20613291094
13.290632506004805 -0.304502846395 -1.40873567179 0.589268140177 1.14280898204
13.3306645316253 -0.359381967377 -1.33147917008 0.633609737063 1.07111814607
13.370696557245797 -0.410985329083 -1.24513759314 0.674918277404 0.991332882655
13.410728582866293 -0.458956554938 -1.15008948844 0.712876574693 0.903806901049
13.450760608486789 -0.502956398034 -1.04681234668 0.747183369104 0.808982144518
13.490792634107287 -0.542666695207 -0.935889819316 0.777556820637 0.707394035963
13.530824659727783 -0.577794948536 -0.818017401349 0.803738536747 0.599675555306
13.570856685348279 -0.608078788695 -0.694001951647 0.825497444216 0.486555986902
13.610888710968775 -0.63329012587 -0.564756781543 0.842633365168 0.368856045612
13.65092073658927 -0.653239395868 -0.431292324902 0.854980655705 0.247479272135
13.690952762209768 -0.667779453955 -0.29470011887 0.862411513278 0.123397849956
13.730984787830264 -0.676807993358 -0.156135215253 0.864838011983 -0.00236267022419
13.77101681345076 -0.680269908267 -0.0167931720701 0.862214080258 -0.128743253749
13.811048839071256 -0.678158349934 0.122114198269 0.854536356882 -0.254672160398
13.851080864691754 -0.67051502037 0.259384044715 0.841844399023 -0.379086479694
13.89111289031225 -0.657428828239 0.393847028446 0.824219473715 -0.500953028152
13.931144915932746 -0.639034409146 0.52439031989 0.801783260786 -0.619287920975
13.971176941553242 -0.615510045468 0.64997854911 0.774696053681 -0.733174422342
14.011208967173738 -0.587073207538 0.769668769752 0.743152882042 -0.841775690275
14.051240992794236 -0.55397712215 0.882622361733 0.707380557214 -0.944345010386
14.091273018414732 -0.516506544652 0.988111295994 0.667634017136 -1.0402312735
14.131305044035228 -0.474972848033 1.08552055167 0.624192077741 -1.12888126734
14.171337069655724 -0.429710000776 1.17434402056 0.577353941048 -1.20983646042
14.21136909527622 -0.381070116464 1.25417820855 0.527435318785 -1.28272797808
14.251401120896718 -0.329419571235 1.32471200057 0.474765028516 -1.34726824783
14.291433146517214 -0.275135587661 1.38571423437 0.419681970293 -1.40324078967
14.33146517213771 -0.218603187599 1.4370204303 0.362532407727 -1.45048927405
14.371497197758206 -0.160212938736 1.47851862081 0.303667903895 -1.48890576754
14.411529223378704 -0.100359000554 1.51013614089 0.243443507376 -1.5184197518
14.4515612489992 -0.0394378893639 1.53182778726 0.18221653648 -1.53898821776
14.491593274619696 0.0221524303343 1.54356658165 0.120345639302 -1.55058787793
14.531625300240192 0.0840132344309 1.54533610469 0.0581900395332 -1.55320865551
14.571657325860688 0.145745162191 1.53712812483 -0.00389073638342 -1.54685148711
14.611689351481186 0.206948761659 1.51894053829 -0.0655374790589 -1.53152640145
14.651721377101682 0.267224629683 1.49078099232 -0.126391566295 -1.50725523114
14.691753402722178 0.326173973585 1.45267262705 -0.186095572417 -1.47407607988
14.731785428342674 0.383399356833 1.40466275996 -0.244294014499 -1.43205021269
14.77181745396317 0.438505935629 1.34683456114 -0.300634501894 -1.38127139297
14.811849479583667 0.491103113475 1.27931965304 -0.354769205684 -1.32187601885
14.851881505204164 0.540806767795 1.20231226228 -0.406356800922 -1.2540545314
14.89191353082466 0.587242165749 1.11608367408 -0.455064964606 -1.17806310043
14.931945556445156 0.630046778892 1.02099351263 -0.500572768594 -1.09423275624
14.971977582065653 0.668874895067 0.917504532875 -0.542574580386 -1.00298137854
15.01200960768615 0.703401406344 0.806188585749 -0.580783242253 -0.904818536968
15.052041633306645 0.733326301238 0.687731667412 -0.614933843912 -0.800349588755
15.092073658927141 0.75837935013 0.562934780684 -0.6447876561 -0.69027636994
15.132105684547637 0.778324638016 0.432708600894 -0.670135932769 -0.575392821553
15.172137710168135 0.792964782816 0.298064427536 -0.69080345839 -0.456577588528
15.212169735788631 0.802144606962 0.160099568825 -0.706651644568 -0.334782046756
15.252201761409127 0.805754249509 0.019977840338 -0.717581171756 -0.211014298268
15.292233787029623 0.803731463073 -0.121092388228 -0.723533960058 -0.0863211136695
15.33226581265012 0.796062839366 -0.261883065371 -0.72449425639 0.0382325811226
15.372297838270617 0.782784093307 -0.401172320179 -0.720488944426 0.161585110901
15.412329863891113 0.763979341755 -0.537770220531 -0.71158702351 0.282699469106
15.452361889511609 0.739779283169 -0.67054238569 -0.697898165597 0.400583081131
15.492393915132105 0.710358287681 -0.798430385793 -0.679570348889 0.514305042054
15.532425940752603 0.675931664932 -0.920469693437 -0.656787667559 0.623011433653
15.572457966373099 0.636751200672 -1.0358013596 -0.629766634044 0.725935612952
15.612489991993595 0.593100616034 -1.14367897974 -0.598752405652 0.822404710458
15.652522017614091 0.545291259735 -1.24347107556 -0.56401518801 0.91184238818
15.692554043234587 0.493657692374 -1.33465835261 -0.525846507352 0.993767402089
15.732586068855085 0.438553014813 -1.41682715387 -0.484555233744 1.0677891234
15.77261809447558 0.380344969543 -1.48965926022 -0.440464211142 1.13359994796
15.812650120096077 0.319412288537 -1.55291907196 -0.393907053433 1.19096553926
15.852682145716573 0.256141770614 -1.6064398458 -0.345225519751 1.2397141743
15.89271417133707 0.190925701576 -1.6501087325 -0.29476713249 1.27972504654
15.932746196957567 0.124160054677 -1.68385328698 -0.242883429958 1.31091762028
15.972778222578063 0.05624278295 -1.70762718787 -0.189928248043 1.33324030059
16.01281024819856 -0.0124261010729 -1.72140383774 -0.136257538345 1.34666512634
16.052842273819056 -0.0814461017849 -1.72516499789 -0.0822277253334 1.35117871071
16.09287429943955 -0.150415977024 -1.71889791548 -0.0281956356667 1.34677964746
16.13290632506005 -0.218934091642 -1.7025936745 0.0254820911824 1.33347693158
16.172938350680546 -0.28659855297 -1.67624956874 0.0784493958089 1.31129150741
16.21297037630104 -0.353007568312 -1.63987462867 0.130351357481 1.28026027837
16.253002401921538 -0.417760091449 -1.59349845265 0.180834963874 1.2404427009
16.293034427542032 -0.480456872601 -1.53718248432 0.229550187312 1.19192928009
16.33306645316253 -0.5407019607 -1.47103303176 0.276151394213 1.13485142368
16.373098478783028 -0.59810478405 -1.39521587606 0.320299199725 1.0693925115
16.413130504403522 -0.652282848066 -1.30997128108 0.36166279058 0.995799248638
16.45316253002402 -0.70286506277 -1.21562838568 0.39992272418 0.91439249931
16.493194555644514 -0.749495519493 -1.11261731119 0.434774054918 0.825576304796
16.533226581265012 -0.791837312377 -1.00147850101 0.46592947079 0.729844737962
16.57325860688551 -0.829578120384 -0.882871524525 0.493123835476 0.62778813228
16.613290632506004 -0.862434224564 -0.757574272796 0.516117408539 0.520091976025
16.653322658126502 -0.890155177995 -0.626479321725 0.53469958799 0.407533467774
16.693354683746996 -0.912528620799 -0.490587746275 0.54869276952 0.290976011917
16.733386709367494 -0.929384145321 -0.350993838861 0.557955391441 0.171356677452
16.77341873498799 -0.940596741236 -0.208867500315 0.562384656308 0.0496718168274
16.813450760608486 -0.94608940979 -0.0654318272949 0.561918567355 -0.0730410484536
16.853482786228984 -0.945834686705 0.078062251385 0.55653708949 -0.195723588878
16.893514811849478 -0.939855358187 0.220362039008 0.546262664181 -0.317317536801
16.933546837469976 -0.92822393001 0.36024001411 0.531159726222 -0.436786165353
16.973578863090474 -0.911061122958 0.496519034473 0.511333446389 -0.553134339336
17.013610888710968 -0.888533391423 0.628094951586 0.486927697459 -0.66542646371
17.053642914331466 -0.860849603984 0.753955350966 0.458122355893 -0.77280132758
17.09367493995196 -0.828257080883 0.873193743155 0.425130094585 -0.874483323478
17.133706965572458 -0.791037150913 0.985018605559 0.388192795998 -0.969789579757
17.173738991192955 -0.749500455368 1.08875721062 0.34757776606 -1.05813296933
17.21377101681345 -0.703982215325 1.18385416173 0.303573919563 -1.13902094725
17.253803042433947 -0.654837589142 1.26986688571 0.256488036767 -1.2120519975
17.293835068054445 -0.602437384888 1.34645507846 0.206641299356 -1.27690734762
17.33386709367494 -0.547164130827 1.41336828229 0.154366106821 -1.33334123759
17.373899119295437 -0.489408861197 1.47043319327 0.100003452722 -1.3811710329
17.41393114491593 -0.42956823504 1.51753867301 0.0439005575708 -1.42026557671
17.45396317053643 -0.368042341068 1.55462105453 -0.01359096432 -1.45053384455
17.493995196156927 -0.305233115284 1.58165124237 -0.0721164665455 -1.47191509718
17.53402722177742 -0.241543136323 1.5986233751 -0.131319350429 -1.48437031936
17.57405924739792 -0.177374925651 1.60554591302 -0.190841761577 -1.48787566332
17.614091273018413 -0.11313048234 1.6024359026 -0.250325120626 -1.48241846726
17.65412329863891 -0.0492109762945 1.58931670071 -0.309410557232 -1.46799607925
17.69415532425941 0.0139834894193 1.56621865501 -0.36773931079 -1.44461706757
17.734187349879903 0.0760542275759 1.53318330243 -0.424953248861 -1.41230525543
17.7742193755004 0.136604527178 1.49027035749 -0.480695577262 -1.37110592544
17.814251401120895 0.195240720456 1.43756894269 -0.534611998624 -1.32109572896
17.854283426741393 0.2515733693 1.37520756908 -0.586351968787 -1.26239079789
17.89431545236189 0.305219226378 1.30336846133 -0.635570602687 -1.19515899345
17.934347477982385 0.355803406813 1.22229972826 -0.681930740351 -1.11962984393
17.974379503602883 0.402962783428 1.13233230395 -0.725106089841 -1.03610881283
18.014411529223377 0.446349436483 1.03389100139 -0.764784364656 -0.944986147516
18.054443554843875 0.485634314062 0.927501994321 -0.800670559589 -0.846742516894
18.094475580464373 0.520511552967 0.813800272561 -0.832490792955 -0.741954882516
18.134507606084867 0.550703053661 0.693532241957 -0.859996343743 -0.631298143924
18.174539631705365 0.575962643782 0.567553260177 -0.882967299694 -0.515542486626
18.21457165732586 0.596080481019 0.436820491988 -0.901216401031 -0.395546746192
18.254603682946357 0.610886937083 0.302380566545 -0.91459241627 -0.272247412833
18.294635708566855 0.620255825096 0.165353086622 -0.922982939822 -0.146644163779
18.33466773418735 0.62410690234 0.026909938172 -0.926316556972 -0.0197818688261
18.374699759807847 0.622407489225 -0.111747631049 -0.924564242311 0.107269265778
18.414731785428344 0.615173167353 -0.249414040197 -0.917739961477 0.233435327528
18.45476381104884 0.602467431031 -0.384904277882 -0.905900368638 0.357660210899
18.494795836669336 0.584400427519 -0.517077395238 -0.889143716337 0.478925939212
18.53482786228983 0.561126730629 -0.644858785507 -0.867607928109 0.596271999201
18.57485988791033 0.532842258084 -0.767258329442 -0.841467926191 0.708811191422
18.614891913530826 0.499780672234 -0.883383317099 -0.810932503902 0.815741070828
18.65492393915132 0.46220925488 -0.992448045741 -0.776240730428 0.916352622468
18.694955964771818 0.420424518942 -1.09377778248 -0.737658110802 1.01003417107
18.734987990392312 0.374747782163 -1.18680788519 -0.695472690626 1.09627119499
18.77502001601281 0.325520817947 -1.27108008787 -0.649991211247 1.17464372438
18.815052041633308 0.273101768764 -1.3462315369 -0.601535448376 1.24481756257
18.855084067253802 0.217861553278 -1.41198527982 -0.550438969526 1.30653667448
18.8951160928743 0.16018070205 -1.46813670409 -0.497044227774 1.35961207065
18.935148118494794 0.100446701571 -1.51454010013 -0.441700076746 1.40391068382
18.975180144115292 0.039051928599 -1.55109467247 -0.384759774665 1.43934367984
19.01521216973579 -0.0236078827189 -1.57773198144 -0.326579437124 1.46585584051
19.055244195356284 -0.0871347332186 -1.59440535917 -0.267516865498 1.4834164665
19.095276220976782 -0.151129053627 -1.60108170559 -0.207930720878 1.49201216608
19.135308246597276 -0.215190097274 -1.59773595869 -0.148179964239 1.49164175548
19.175340272217774 -0.278916280624 -1.58434940412 -0.0886233655437 1.48231426154
19.21537229783827 -0.341905400209 -1.56091072416 -0.0296191365365 1.46404910696
19.255404323458766 -0.403755036714 -1.52742079132 0.0284755597235 1.4368793458
19.295436349079264 -0.464063082311 -1.48389927972 0.0853051562018 1.40085646782
19.33546837469976 -0.522428885093 -1.43039719378 0.140516761475 1.35605975025
19.375500400320256 -0.578454601901 -1.36700775905 0.19376130943 1.30260464205
19.415532425940754 -0.631747213967 -1.29388109861 0.244695272058 1.24065405519
19.455564451561248 -0.681921091782 -1.21123871758 0.292982779635 1.17042962098
19.495596477181746 -0.728601140301 -1.11938775737 0.338298196144 1.09222281814
19.535628502802243 -0.771426475957 -1.01873379926 0.380329109892 1.00640500683
19.575660528422738 -0.810054657321 -0.909791434829 0.418779760815 0.913435740618
19.615692554043235 -0.844165993427 -0.793190809704 0.453374523076 0.813867930847
19.65572457966373 -0.873468425126 -0.669681145413 0.483861847872 0.708350638525
19.695756605284227 -0.897702561765 -0.540128856378 0.510018330595 0.597627605755
19.735788630904725 -0.916645612123 -0.405509195324 0.531651890214 0.48253066899
19.77582065652522 -0.930115880524 -0.266894733249 0.54860541196 0.363970647554
19.815852682145717 -0.937976279037 -0.125438043636 0.56075960385 0.242923619102
19.85588470776621 -0.940137141868 0.0176495476771 0.568035301201 0.120414043605
19.89591673338671 -0.936558006716 0.161122812976 0.57039494982 -0.00250501993213
19.935948759007207 -0.927248549358 0.303728342391 0.567843412871 -0.124772440111
19.9759807846277 -0.912268324036 0.444231589045 0.560427824941 -0.245340662659
20.0160128102482 -0.89172549949 0.581442492449 0.548236639633 -0.363196305195
20.056044835868693 -0.865774606523 0.714238856119 0.531397881012 -0.477379045216
20.09607686148919 -0.834613387652 0.841586098023 0.510076667207 -0.586997705883
20.13610888710969 -0.798478995347 0.962552484979 0.484472199342 -0.691242819516
20.176140912730183 -0.75764349179 1.07631966148 0.454814174855 -0.789395535635
20.21617293835068 -0.712409616921 1.18218714888 0.421359395339 -0.880831716234
20.256204963971175 -0.663105680128 1.27957297176 0.384387651875 -0.965023085361
20.296236989591673 -0.610080969907 1.36800869643 0.344197997039 -1.0415339009
20.33626901521217 -0.553701388901 1.44713075391 0.301105171058 -1.11001468562
20.376301040832665 -0.494345561202 1.51666898861 0.255436381689 -1.17019373274
20.416333066453163 -0.43240120505 1.57643246098 0.207528263086 -1.22186644678
20.45636509207366 -0.368262307813 1.6262947916 0.157724453757 -1.26488425952
20.496397117694155 -0.302326776718 1.66617919039 0.106373526447 -1.29914327106
20.536429143314653 -0.234995016049 1.69604554019 0.0538276475948 -1.32457443112
20.576461168935147 -0.16666845336 1.71587763431 0.000441161698368 -1.34113389844
20.616493194555645 -0.0977488581384 1.72567370447 -0.0534302071611 -1.34879590947
20.656525220176142 -0.0286378915414 1.7254397214 -0.107429984477 -1.34754781902
20.696557245796637 0.0402631170269 1.71518594002 -0.161201408037 -1.33738767605
20.736589271417134 0.108553330929 1.69492691347 -0.214387856355 -1.31832450924
20.77662129703763 0.175832621247 1.66468469611 -0.266633311757 -1.29038108126
20.816653322658127 0.24170199764 1.62449570492 -0.317583047903 -1.25359952564
20.856685348278624 0.305764391538 1.57442038704 -0.366884542426 -1.20804909092
20.89671737389912 0.36762585044 1.51455494315 -0.414188767887 -1.15383548893
20.936749399519616 0.426897185098 1.44504451688 -0.459151807283 -1.09111129939
20.97678142514011 0.483196215634 1.36609773434 -0.501436958655 -1.02008735283
21.01681345076061 0.536150632963 1.27800123308 -0.540717320961 -0.941043993784
21.056845476381106 0.585401393799 1.18113290237 -0.57667878459 -0.854341208675
21.0968775020016 0.630606597528 1.07597302221 -0.60902338648 -0.760426966939
21.136909527622098 0.671445754105 0.9631123851 -0.637472954135 -0.659843047107
21.176941553242592 0.707624297675 0.843256545565 -0.661772917575 -0.553227678836
21.21697357886309 0.738878227719 0.717225473834 -0.681696192969 -0.441314426835
21.257005604483588 0.764978579614 0.585948112447 -0.697046892692 -0.324926953138
21.297037630104082 0.785735523046 0.450452207867 -0.707663701559 -0.204969986135
21.33706965572458 0.801002214451 0.311848306069 -0.713423024775 -0.0824155535664
21.377101681345078 0.81067757382 0.171310717016 -0.714241230778 0.0417131120409
21.417133706965572 0.81470844177 0.0300540130186 -0.710076367255 0.166361247953
21.45716573258607 0.813090645437 -0.110691518908 -0.700928971067 0.290462967271
21.497197758206564 0.805869130464 -0.249706161607 -0.686842101169 0.412963002259
21.537229783827062 0.793137067259 -0.385805537018 -0.667900527437 0.532837111391
21.57726180944756 0.775033895042 -0.517865456789 -0.644229039609 0.649112493698
21.617293835068054 0.751742533725 -0.644840842475 -0.615990082149 0.760883282246
21.65732586068855 0.723485869745 -0.765782611872 -0.583380788682 0.867324354886
21.697357886309046 0.690522656338 -0.879848987655 -0.546629540218 0.967700564048
21.737389911929544 0.653143086057 -0.98631203016 -0.505992255829 1.0613720627
21.77742193755004 0.611664243113 -1.08455992465 -0.46174858533 1.14779617309
21.817453963170536 0.566425275891 -1.17409137486 -0.414197873552 1.22652282033
21.857485988791034 0.517783416156 -1.25451083789 -0.363655814215 1.29719069066
21.897518014411528 0.466109762469 -1.32551693782 -0.310450909117 1.35951783239
21.937550040032026 0.411785772631 -1.38689000556 -0.254921503234 1.41329158324
21.977582065652523 0.355200335671 -1.4384783255 -0.197413289226 1.45835747523
22.017614091273018 0.296747269473 -1.48018379823 -0.138277151899 1.49460767888
22.057646116893515 0.23682348782 -1.51194836754 -0.0778675531997 1.5219701064
22.09767814251401 0.175827612872 -1.5337422074 -0.0165412745639 1.5403989744
22.137710168134507 0.114159074896 -1.54555397871 0.0453434544678 1.54986707933
22.177742193755005 0.0522175102889 -1.54738383048 0.107427591905 1.55036033288
22.2177742193755 -0.00959761177726 -1.53923911879 0.169351742192 1.54187453019
22.257806244995997 -0.070887258784 -1.52113366274 0.230756541487 1.52441501763
22.29783827061649 -0.131253123363 -1.49309066026 0.291283070714 1.497999357
22.33787029623699 -0.190298093006 -1.45514859123 0.350573427525 1.46266242931
22.377902321857487 -0.247627031652 -1.40736980155 0.408271563604 1.41846371897
22.41793434747798 -0.302847958602 -1.34985146294 0.464024457081 1.36549652103
22.45796637309848 -0.355573695084 -1.28273835672 0.517483676891 1.30389861173
22.497998398718977 -0.405424039035 -1.20623664992 0.568307387169 1.23386369259
22.53803042433947 -0.452028498177 -1.12062770876 0.616162814317 1.15565281641
22.57806244995997 -0.495029565199 -1.02628098442 0.660729161351 1.06960499525
22.618094475580463 -0.534086474395 -0.923665012415 0.701700917424 0.976146196171
22.65812650120096 -0.568879342771 -0.813355580763 0.738791480278 0.875795942731
22.69815852682146 -0.599113565927 -0.696040201684 0.771736982217 0.769170806201
22.738190552441953 -0.624524307641 -0.572518443873 0.800300184724 0.65698442231
22.77822257806245 -0.64488091358 -0.443696775145 0.824274297419 0.540042905075
22.818254603682945 -0.659991026713 -0.310578640555 0.843486536974 0.419236265925
22.858286629303443 -0.669704158643 -0.174250673153 0.85780122127 0.295526585641
22.89831865492394 -0.673914693776 -0.035864000663 0.867122375613 0.169932061569
22.938350680544435 -0.672563974792 0.103388413698 0.871395555409 0.0435077038632
22.978382706164933 -0.665641575766 0.242295556749 0.870608977862 -0.0826749485224
23.018414731785427 -0.653185482426 0.379653735976 0.864793720778 -0.20754949723
23.058446757405925 -0.63528128532 0.514291503833 0.854023076618 -0.330076042017
23.098478783026422 -0.61206044933 0.6450927227 0.838411113274 -0.449261050568
23.138510808646917 -0.583697668451 0.771016754062 0.818110444271 -0.564174894817
23.178542834267414 -0.550407491794 0.891114702024 0.793309361982 -0.673966151147
23.21857485988791 -0.512440482494 1.00454087429 0.764228552753 -0.777871935489
23.258606885508406 -0.470078779414 1.1105600281 0.731117277204 -0.875224788665
23.298638911128904 -0.423631759558 1.20854859621 0.694249606313 -0.965454481236
23.3386709367494 -0.373431559824 1.2979920627 0.65392050609 -1.0480866198
23.378702962369896 -0.319828838298 1.37847807778 0.610442091956 -1.12273763303
23.41873498799039 -0.263188904306 1.44968625477 0.56414016202 -1.18910690839
23.45876701361089 -0.203888158642 1.51137649515 0.515350973013 -1.2469676295
23.498799039231386 -0.142311347605 1.56337378493 0.46441865426 -1.29615448078
23.53883106485188 -0.0788491063582 1.60555536399 0.411692873852 -1.33655326339
23.578863090472378 -0.0138961883282 1.63783687563 0.357527054199 -1.3680894753
23.618895116092876 0.0521498735732 1.66016071581 0.302276949699 -1.39071856783
23.65892714171337 0.118889596423 1.67248601281 0.246299650875 -1.40441740534
23.698959167333868 0.185922067518 1.67478154835 0.189952858005 -1.40917801097
23.738991192954362 0.25284524173 1.66702188762 0.133594358611 -1.4050038212
23.77902321857486 0.319256171104 1.64918686212 0.0775815863361 -1.3919085884
23.819055244195358 0.384751224111 1.62126433493 0.0222712147349 -1.36991787437
23.859087269815852 0.448926577358 1.58325646671 -0.0319814364902 -1.33907333718
23.89911929543635 0.511378914452 1.53518877598 -0.0848231324547 -1.29943923475
23.939151321056844 0.571706589975 1.47712177692 -0.135903797002 -1.25111100265
23.979183346677342 0.629511307332 1.40916466191 -0.184877966948 -1.19422547983
24.01921537229784 0.684400359347 1.33148999498 -0.231406669173 -1.12897196992
24.059247397918334 0.73598946664 1.24434860918 -0.275159748819 -1.05560350569
24.09927942353883 0.783906191502 1.14808369884 -0.315818633042 -0.97444752265
24.139311449159326 0.827793901124 1.04314302306 -0.353079510719 -0.88591509305
24.179343474779824 0.867316137864 0.930088305829 -0.386656819491 -0.790507998115
24.21937550040032 0.902161311378 0.809600786101 -0.416286973389 -0.688822820458
24.259407526020816 0.932047520273 0.682482197661 -0.441732182458 -0.58155148904
24.299439551641314 0.956727310255 0.549650659626 -0.46278421447 -0.469477867877
24.339471577261808 0.975992157068 0.412131214147 -0.479267933807 -0.353470180365
24.379503602882306 0.989676435685 0.271041037776 -0.491044431724 -0.234469286794
24.419535628502803 0.997660947952 0.127571942587 -0.498013807736 -0.113474850962
24.459567654123298 0.999875113515 -0.0170363291122 -0.500116893468 0.00847566213722
24.499599679743795 0.996298611057 -0.161519071811 -0.497336549777 0.130325085958
24.539631705364293 0.98696177909 -0.304613670209 -0.489697984306 0.251017834028
24.579663730984787 0.971945002899 -0.445087464635 -0.477268271098 0.369521813706
24.619695756605285 0.951376980489 -0.581762655622 -0.460154989237 0.484848041964
24.65972778222578 0.925432097469 -0.713538789 -0.438504158851 0.596068378433
24.699759807846277 0.894326948527 -0.839411214515 -0.41249750334 0.702330126441
24.739791833466775 0.858316175662 -0.958484496778 -0.382349170029 0.802866707059
24.77982385908727 0.817687932047 -1.06998082823 -0.348302150384 0.897004444335
24.819855884707767 0.772759093666 -1.17324310348 -0.310624494219 0.984165199208
24.85988791032826 0.723870450466 -1.26773298159 -0.269605498243 1.06386510872
24.89991993594876 0.671382081624 -1.35302439681 -0.22555202749 1.13570979274
24.939951961569257 0.615668977926 -1.42879425138 -0.178785020897 1.19938737865
24.97998398718975 0.557117279564 -1.49480825668 -0.129636458723 1.25465777997
25.02001601281025 0.496120929039 -1.55090743171 -0.0784466467511 1.30134250184
25.060048038430743 0.433078999156 -1.59699326868 -0.0255620110066 1.33931344429
25.10008006405124 0.368393518413 -1.63301335117 0.0286667361892 1.3684821048
25.14011208967174 0.302467921197 -1.65894760388 0.0838859605692 1.38878932029
25.180144115292233 0.235706007945 -1.67479714891 0.139740091124 1.40019708833
25.22017614091273 0.168511241554 -1.68057588941 0.195872366109 1.40268255854
25.260208166533225 0.101286367822 -1.67630483583 0.251925348141 1.39623421718
25.300240192153723 0.034433228424 -1.66200984447 0.307541314025 1.3808507776
25.34027221777422 -0.03164753897 -1.63772314779 0.362362762555 1.35654306467
25.380304243394715 -0.0965567627694 -1.60348770538 0.416032918936 1.32333811536
25.420336269015213 -0.15989732754 -1.55936483508 0.468196520066 1.28128583137
25.460368294635707 -0.221275099512 -1.50544445554 0.518500891415 1.23046764949
25.500400320256205 -0.280300331705 -1.44185757554 0.566597431347 1.17100692136
25.540432345876702 -0.336589567735 -1.36878982404 0.612143498246 1.10307999749
25.580464371497197 -0.389768102873 -1.28649549358 0.654804754183 1.02692759348
25.620496397117694 -0.439473005301 -1.19531112982 0.694257960018 0.942865642374
25.660528422738192 -0.485356714799 -1.09566774013 0.730194233225 0.851294867331
25.700560448358686 -0.527090970836 -0.988100071119 0.762322546132 0.75270783371
25.740592473979184 -0.564370817909 -0.873252461713 0.790373253616 0.647693118047
25.78062449959968 -0.596919903124 -0.751882803114 0.814102724029 0.536937657187
25.820656525220176 -0.624494040912 -0.624857114355 0.833296385855 0.421221565238
25.860688550840674 -0.646885857678 -0.493143355156 0.847772735889 0.301412088153
25.90072057646117 -0.663928558522 -0.357798620467 0.857386543964 0.178452155146
25.940752602081666 -0.675499219449 -0.219952279871 0.862031638604 0.0533455872557
25.98078462770216 -0.68152115067 -0.0807843111784 0.861642884772 -0.0728616212766
26.020816653322658 -0.681965582203 0.0584972670075 0.856197582041 -0.199100730336
26.060848678943156 -0.676852228054 0.19668204205 0.845715895258 -0.324302156921
26.10088070456365 -0.666248879779 0.332582356014 0.830260460934 -0.447416908592
26.140912730184148 -0.650270049773 0.465056860591 0.809935184427 -0.567436618
26.180944755804642 -0.629074589521 0.593033099629 0.784883162712 -0.683412743617
26.22097678142514 -0.602862635491 0.715524183225 0.755284039587 -0.794470768779
26.261008807045638 -0.571871871946 0.831643121692 0.721350774788 -0.899822453674
26.301040832666132 -0.536373209058 0.94061152178 0.683325911931 -0.998773356657
26.34107285828663 -0.496666734613 1.04176292134 0.641478079606 -1.0907258427
26.381104883907124 -0.453076868685 1.13454248807 0.596097796635 -1.17517908869
26.421136909527622 -0.40594808972 1.21850154656 0.547493757681 -1.25172472837
26.46116893514812 -0.355640841773 1.29328877111 0.495989258402 -1.32003970424
26.501200960768614 -0.302527971602 1.35863904741 0.441919060875 -1.37987714239
26.54123298638911 -0.246991286649 1.41435958197 0.385626337542 -1.43105491743
26.58126501200961 -0.18941908293 1.4603163312 0.327460435294 -1.47344442511
26.621297037630104 -0.130204060272 1.49642039751 0.267774954091 -1.50695928705
26.6613290632506 -0.0697418956979 1.52261592935 0.206926380326 -1.53154525933
26.701361088871096 -0.00842998444013 1.5388690268 0.145272847856 -1.54717094392
26.741393114491594 0.0533332299086 1.54515950229 0.0831734002303 -1.55382081382
26.78142514011209 0.115148649412 1.54147610158 0.0209874882837 -1.55149106287
26.821457165732586 0.176616889207 1.52781395395 -0.0409255035055 -1.54018728515
26.861489191353083 0.237338505794 1.50417611909 -0.102206605694 -1.51992550187
26.901521216973578 0.296914410635 1.47057806048 -0.162497755574 -1.490735595
26.941553242594075 0.354946499572 1.42705521588 -0.221442455969 -1.45266728606
26.981585268214573 0.411038657672 1.37367328421 -0.278686734112 -1.40579835019
27.021617293835067 0.464798229824 1.31054057164 -0.33388047282 -1.35024453435
27.061649319455565 0.515837969726 1.23782145793 -0.386679125537 -1.28617041141
27.10168134507606 0.563778460264 1.15574989764 -0.436745806361 -1.21380029273
27.141713370696557 0.60825145165 1.06464531991 -0.483754149739 -1.13343109186
27.181745396317055 0.64890328228 0.964922567151 -0.527391192741 -1.04544039284
27.22177742193755 0.685399019438 0.857102840454 -0.567360876824 -0.950295327431
27.261809447558047 0.717426819224 0.74182003154 -0.603387713186 -0.848557710332
27.30184147317854 0.744702519485 0.619823285721 -0.635220639313 -0.740886110167
27.34187349879904 0.766974237774 0.491974403469 -0.662636879154 -0.628033718559
27.381905524419537 0.784026724654 0.359240404176 -0.685445602862 -0.510842254799
27.42193755004003 0.795685374599 0.222681536086 -0.703491305792 -0.390232139008
27.46196957566053 0.801819564942 0.0834333354391 -0.716656636559 -0.267187769996
27.502001601281023 0.802345351668 -0.0573131627167 -0.724864696513 -0.142741248718
27.54203362690152 0.797227128758 -0.198336232863 -0.728080486242 -0.0179519334947
27.58206565252202 0.786478423385 -0.338408418042 -0.726311638239 0.10611420148
27.622097678142513 0.770161498439 -0.476322562647 -0.719608161614 0.228406187568
27.66212970376301 0.748386164368 -0.610916511391 -0.708061527794 0.347908669749
27.70216172938351 0.721307644893 -0.741095821506 -0.691802964985 0.463660990053
27.742193755004003 0.689123260353 -0.865852287137 -0.671000757284 0.574772978784
27.7822257806245 0.652068518408 -0.984278109819 -0.645857034278 0.680437261818
27.822257806244995 0.610413137503 -1.09557549544 -0.616604477811 0.779937853437
27.862289831865493 0.564456572796 -1.19906126242 -0.58350259125 0.872654738954
27.90232185748599 0.514523335355 -1.29416623014 -0.546833764575 0.958064223161
27.942353883106485 0.460958472363 -1.38043010266 -0.50689943678 1.03573558113
27.982385908726982 0.404123417034 -1.45749271871 -0.464016528719 1.10532469377
28.022417934347477 0.344392241354 -1.52508237383 -0.418514174085 1.16656523127
28.062449959967974 0.282148334443 -1.58300252515 -0.370730773803 1.21925844373
28.102481985588472 0.217781674162 -1.63111732756 -0.321011508012 1.26326189138
28.142514011208966 0.151686695871 -1.66933724479 -0.269706315447 1.29847811835
28.182546036829464 0.084260723758 -1.69760580424 -0.217168318774 1.32484413865
28.22257806244996 0.0159028827733 -1.71588824519 -0.163752633706 1.34232234238
28.262610088070456 -0.0529866198148 -1.72416232787 -0.109815475231 1.35089304923
28.302642113690954 -0.122006774584 -1.72241298865 -0.0557136210568 1.35055002228
28.34267413931145 -0.190756075194 -1.71062920568 -0.00180386367636 1.34129771658
28.382706164931946 -0.258832686027 -1.68880456747 0.0515574163664 1.32315140636
28.42273819055244 -0.325834676382 -1.65694166222 0.104014714873 1.29614029368
28.462770216172938 -0.391360503458 -1.61505930906 0.155214051472 1.26031284152
28.502802241793436 -0.455009857616 -1.56320253091 0.204803887878 1.21574424911
28.54283426741393 -0.516384964591 -1.50145520035 0.252436388978 1.16254600742
28.582866293034428 -0.57509242157 -1.42995425627 0.297769087837 1.10087666687
28.622898318654922 -0.630745615339 -1.34890451832 0.340466992085 1.03095304923
28.66293034427542 -0.682967733768 -1.25859325275 0.38020513898 0.953061235645
28.702962369895918 -0.731395341578 -1.15940359006 0.416671574709 0.86756662133
28.742994395516412 -0.775682451912 -1.0518257491 0.449570702899 0.774922215736
28.78302642113691 -0.815504985173 -0.936465009758 0.478626916112 0.67567436099
28.823058446757408 -0.850565467768 -0.814045562797 0.503588393636 0.570465189218
28.863090472377902 -0.880597788822 -0.685409949364 0.524230923575 0.460031603307
28.9031224979984 -0.905371848551 -0.551512000271 0.540361610416 0.345199148213
28.943154523618894 -0.924697802361 -0.413406068861 0.551822248924 0.226872983387
28.98318654923939 -0.938429755794 -0.27223107484 0.558492243169 0.106024802122
29.02321857485989 -0.9464687474 -0.129189510889 0.560290941668 -0.0163241666638
29.063250600480384 -0.948764807992 0.0144766623757 0.557179228949 -0.139122551892
29.10328262610088 -0.945318066244 0.15751169197 0.549160352938 -0.261309414088
29.143314651721376 -0.93617873583 0.298672950898 0.536279856449 -0.381835726749
29.183346677341873 -0.921446073915 0.436757144181 0.51862468903 -0.499685233232
29.22337870296237 -0.901266352075 0.570624251091 0.496321534459 -0.613893460342
29.263410728582866 -0.875829848918 0.699218062369 0.469534361607 -0.723563991126
29.303442754203363 -0.845367165829 0.821582653627 0.438461439419 -0.827881495511
29.343474779823858 -0.810144952647 0.936873688952 0.40333188569 -0.926120652954
29.383506805444355 -0.770461321192 1.04436460942 0.364401970006 -1.01765102753
29.423538831064853 -0.72664108692 1.14344765814 0.321951281233 -1.10193786691
29.463570856685347 -0.67903106833 1.23363014045 0.27627894065 -1.17853915448
29.503602882305845 -0.627995627258 1.31452669021 0.227700004647 -1.24709953504
29.54363490792634 -0.573912587569 1.38584827791 0.176542164206 -1.3073417056
29.583666933546837 -0.51716961554 1.44738903387 0.1231428054 -1.3590561257
29.623698959167335 -0.45816123221 1.499011686 0.0678465626443 -1.40208969712
29.66373098478783 -0.397286271425 1.54063305868 0.0110032168617 -1.43633454114
29.703763010408327 -0.33494603645 1.57221014088 -0.0470338666533 -1.46171730393
29.743795036028825 -0.271543016575 1.59372801784 -0.105908870964 -1.47819001848
29.78382706164932 -0.207479904709 1.60518981311 -0.165264440301 -1.48572260712
29.823859087269817 -0.143159006996 1.60660948693 -0.224742300703 -1.48429774039
29.86389111289031 -0.078981909072 1.59800797404 -0.283983698349 -1.47390842331
29.90392313851081 -0.0153492882907 1.57941213894 -0.342629804272 -1.45455748476
29.943955164131307 0.0473394111123 1.55085770525 -0.400322118631 -1.42626089322
29.9839871897518 0.10868649757 1.51239543764 -0.456703153133 -1.3890535826
30.0240192153723 0.168296758903 1.46409976561 -0.511417335037 -1.34299674466
30.064051240992793 0.225778535871 1.40607909626 -0.564112154202 -1.28818652747
30.10408326661329 0.28074549133 1.3384900356 -0.614439904786 -1.22476640912
30.14411529223379 0.332818752176 1.2615504947 -0.662059766153 -1.15293788353
30.184147317854283 0.381629549171 1.1755528 -0.706640266817 -1.07297119911
30.22417934347478 0.426822591572 1.0808773787 -0.74786237097 -0.985216678043
30.264211369095275 0.46805965055 0.978002880817 -0.785422713506 -0.890112787663
30.304243394715773 0.505023789908 0.867514753202 -0.819037380076 -0.788192850214
30.34427542033627 0.537423971498 0.750109924508 -0.848445982624 -0.680088406693
30.384307445956765 0.564999030884 0.626595002417 -0.873415138789 -0.566527171527
30.424339471577262 0.587522286518 0.497882350522 -0.893742514805 -0.448329092572
30.464371497197757 0.604805536076 0.364979909041 -0.909260301289 -0.326397180213
30.504403522818254 0.61670260975 0.228976579379 -0.919838297022 -0.201704605789
30.544435548438752 0.623112256161 0.0910234749005 -0.925386407249 -0.0752783310879
30.584467574059246 0.623980179847 -0.0476883424967 -0.925856403227 0.0518202061704
30.624499599679744 0.619300113967 -0.185952525956 -0.921242846209 0.178516412435
30.66453162530024 0.609114039025 -0.322571199761 -0.911583277418 0.303743094348
30.704563650920736 0.593511265154 -0.456380985093 -0.896957418112 0.426462913692
30.744595676541234 0.572626617472 -0.586274917122 -0.877485601618 0.545687397082
30.78462770216173 0.546637766223 -0.711222567578 -0.853326457967 0.660494438826
30.824659727782226 0.515761828984 -0.830285721418 -0.824673965115 0.770042070638
30.864691753402724 0.480251453647 -0.942629602866 -0.791754039311 0.873578489819
30.904723779023218 0.440390509911 -1.04752920403 -0.754820772984 0.970447962592
30.944755804643716 0.396489625053 -1.14437083215 -0.714152518786 1.06009268705
30.98478783026421 0.348881868271 -1.2326485376 -0.670048076285 1.14205031522
31.024819855884708 0.297918475465 -1.31195772777 -0.622822893436 1.21594906131
31.064851881505206 0.243965082178 -1.38198426999 -0.572805676193 1.28149894729
31.1048839071257 0.187398224703 -1.44249290177 -0.520335211038 1.33848238412
31.144915932746198 0.128602530859 -1.49331308995 -0.465757753979 1.38674250936
31.184947958366692 0.0679683954982 -1.53432543417 -0.409424820675 1.42617187162
31.22497998398719 0.0058901698767 -1.56544848437 -0.351691407862 1.45670134347
31.265012009607688 -0.0572350752616 -1.58662708827 -0.292914697787 1.478290193
31.305044035228182 -0.121008432421 -1.5978230378 -0.233453069808 1.49091796093
31.34507606084868 -0.185029695846 -1.59900827466 -0.173665413429 1.49457836116
31.385108086469174 -0.248897653796 -1.59016155976 -0.113910666668 1.48927596184
31.42514011208967 -0.312210403271 -1.57126786119 -0.054547359023 1.47502504588
31.46517213771017 -0.374565586636 -1.54232185644 0.00406675349536 1.45185180605
31.505204163330664 -0.435560936239 -1.5033340767 0.0615752793878 1.41979868375
31.54523618895116 -0.494795071752 -1.45434023188 0.117623961173 1.37893130266
31.585268214571656 -0.55186873726 -1.39541289524 0.171861777131 1.32934734107
31.625300240192153 -0.606386543366 -1.32667495898 0.223942429085 1.27118687794
31.66533226581265 -0.657959267705 -1.24831408383 0.273526261239 1.20464359453
31.705364291433145 -0.706206742831 -1.16059709387 0.320282636269 1.12997599508
31.745396317053643 -0.750761308075 -1.06388393224 0.363892750464 1.04751834086
31.78542834267414 -0.791271742898 -0.958638885335 0.404052829495 0.957689460863
31.825460368294635 -0.827407671546 -0.845439356847 0.440477692098 0.860999676638
31.865492393915133 -0.858864166077 -0.724980741116 0.472904472115 0.758054657386
31.905524419535627 -0.885366522141 -0.59807687522 0.501096477053 0.649555799172
31.945556445156125 -0.906674920767 -0.465654698977 0.524846957923 0.536296023543
31.985588470776623 -0.922588746206 -0.328744437703 0.543982607287 0.419152018046
32.02562049639712 -0.932950501999 -0.18846504558 0.558366739464 0.29907270873
32.065652522017615 -0.937648843556 -0.0460032042814 0.567901770526 0.177062586339
32.10568454763811 -0.936621001578 0.0974081198615 0.572531212995 0.054164643738
32.1457165732586 -0.929853987614 0.240516484099 0.57224070179 -0.0685610020836
32.1857485988791 -0.917384942225 0.382075990719 0.567058334236 -0.19005792479
32.2257806244996 -0.899300296922 0.520873907022 0.557054060626 -0.309294755662
32.2658126501201 -0.875733953471 0.655755142074 0.542338283705 -0.425284924149
32.305844675740595 -0.846864530629 0.785643727955 0.523059703891 -0.537104096188
32.34587670136109 -0.812911852854 0.90956033295 0.499402546409 -0.643904531289
32.38590872698158 -0.77413278666 1.02663475588 0.471583250187 -0.744925521038
32.42594075260208 -0.730816719355 1.13611337803 0.439846851664 -0.839499870146
32.46597277822258 -0.683280827559 1.23736135654 0.404463178135 -0.927056239435
32.506004803843076 -0.631865366896 1.32985987766 0.365723032991 -1.00711758641
32.546036829463574 -0.57692916634 1.41319911506 0.323934518301 -1.07929620034
32.586068855084065 -0.518845373282 1.48706916237 0.279419540209 -1.14328712072
32.62610088070456 -0.457997836173 1.55124395602 0.232510770569 -1.19885597751
32.66613290632506 -0.394777967548 1.605569801 0.183548998699 -1.24583044102
32.70616493194556 -0.32958217525 1.64994895772 0.132880891301 -1.28408772942
32.746196957566056 -0.262809856001 1.68432635469 0.0808571882392 -1.31354454209
32.78622898318655 -0.194861990972 1.7086759975 0.0278313508907 -1.33414673824
32.826261008807045 -0.126140227075 1.72299016756 -0.0258414181709 -1.34586117292
32.86629303442754 -0.0570462681098 1.72727164569 -0.0798049258035 -1.3486698803
32.90632506004804 0.0120184155842 1.72152857532 -0.133702499146 -1.34256633024
32.94635708566854 0.080652698769 1.70577279974 -0.187177367562 -1.32755439037
32.98638911128903 0.148456117575 1.68002209731 -0.239873216829 -1.30365033226
33.026421136909526 0.215029075436 1.64430504999 -0.291434665098 -1.27088687751
33.066453162530024 0.279973490416 1.59866955643 -0.341508096214 -1.22932007334
33.10648518815052 0.342893764198 1.54319361623 -0.389742749404 -1.17903790375
33.14651721377102 0.40339821725 1.47799799783 -0.435792173228 -1.12017031224
33.18654923939151 0.461101089686 1.40326052681 -0.479316136836 -1.0529004196
33.22658126501201 0.515625124091 1.31923066248 -0.519982994516 -0.977475869677
33.266613290632506 0.566604744472 1.22624346506 -0.557472510477 -0.894219575818
33.306645316253004 0.613689585959 1.12473114558 -0.591478930713 -0.803538449707
33.3466773418735 0.656548691755 1.01523376313 -0.621714596695 -0.705931322071
33.38670936749399 0.69487534322 0.898405970326 -0.647914037079 -0.601993551862
33.42674139311449 0.728391085208 0.775016362947 -0.669837321338 -0.492415800823
33.46677341873499 0.756850434725 0.645945458443 -0.687273995569 -0.377981520508
33.506805444355486 0.780045364732 0.51217828369 -0.700046794555 -0.259560106219
33.54683746997598 0.79780912191 0.37479032678 -0.708014756515 -0.138094766776
33.586869495596474 0.810019540624 0.234930152917 -0.711075920899 -0.014587712701
33.62690152121697 0.816601568369 0.0937977521402 -0.709169351389 0.109918034446
33.66693354683747 0.817528752217 -0.0473800582906 -0.702276292812 0.234359118301
33.70696557245797 0.812823908415 -0.187374978609 -0.690420650843 0.35767285819
33.746997598078465 0.802558605145 -0.324983344666 -0.67366848836 0.478818776859
33.787029623698956 0.786851703164 -0.459050434455 -0.652126748274 0.596798577453
33.827061649319454 0.765866915928 -0.588492704555 -0.625941169765 0.710674366596
33.86709367493995 0.739809616217 -0.712315592098 -0.595293590234 0.819583208745
33.90712570056045 0.708922932322 -0.829627487086 -0.560398664136 0.92274853004
33.94715772618095 0.673483616009 -0.939648126724 -0.521500401111 1.01948695766
33.98718975180144 0.633797142999 -1.04171309131 -0.478868067015 1.10921197891
34.027221777421936 0.59019341282 -1.13527169914 -0.432792588844 1.19143222857
34.06725380304243 0.543022152378 -1.21988195411 -0.383582706632 1.26574739421
34.10728582866293 0.492648752496 -1.2952013667 -0.331561481117 1.331840779
34.14731785428343 0.43945056178 -1.36097500386 -0.277063170544 1.38946963875
34.18734987990392 0.383813488267 -1.41702268587 -0.220430356409 1.43845483945
34.22738190552442 0.326129491877 -1.46322384593 -0.162011788458 1.47866866069
34.267413931144915 0.266794372792 -1.49950426159 -0.10216046628 1.51002413655
34.30744595676541 0.206206158615 -1.52582301504 -0.0412322022395 1.53246461522
34.34747798238591 0.144764045539 -1.54216152998 0.020415372726 1.54595504012
34.38751000800641 0.0828677093849 -1.54851569373 0.0824235123219 1.55047577176
34.4275420336269 0.0209167871784 -1.54489011889 0.14443292637 1.54601816983
34.4675740592474 -0.0406894219764 -1.53129591631 0.206084185685 1.53258305544
34.507606084867895 -0.101552201804 -1.50775211651 0.267018095618 1.51018216347
34.54763811048839 -0.161273832775 -1.47428983782 0.326876216852 1.47884183746
34.58767013610889 -0.219458192051 -1.43095943916 0.385301549777 1.43860915824
34.62770216172938 -0.275711720025 -1.37784089972 0.441939531658 1.38956069445
34.66773418734988 -0.329644847474 -1.31505602873 0.496439419822 1.3318127242
34.70776621297038 -0.380873939649 -1.24278177276 0.548456105609 1.26553231859
34.747798238590875 -0.42902378138 -1.16126399059 0.597652377838 1.19094876265
34.78783026421137 -0.47373060498 -1.07083087876 0.643701635691 1.10836463443
34.82786228983186 -0.514645631357 -0.971905010123 0.686291024196 1.01816568325
34.86789431545236 -0.551439050444 -0.865012920272 0.72512492871 0.920828625976
34.90792634107286 -0.583804322295 -0.750791323725 0.759928728081 0.816926101535
34.947958366693356 -0.611462643379 -0.629989404412 0.790452676249 0.707128325605
34.987990392313854 -0.634167418287 -0.503466097563 0.816475776838 0.592200541987
35.028022417934345 -0.651708550471 -0.372182292692 0.837809494958 0.472996214572
35.06805444355484 -0.663916228196 -0.237188932591 0.854301036719 0.350446776071
35.10808646917534 -0.67066424734 -0.0996104214561 0.865836228812 0.225547434128
35.14811849479584 -0.671872573621 0.0393763500036 0.872341747483 0.0993392825596
35.188150520416336 -0.667508877084 0.178565771895 0.873786472599 -0.0271109623414
35.22818254603683 -0.657589287732 0.316747904593 0.870182177309 -0.152731788747
35.268214571657325 -0.642178016123 0.452733799144 0.86158324683 -0.276468561001
35.30824659727782 -0.621386022475 0.585379669183 0.848085581497 -0.397304292013
35.34827862289832 -0.595368874632 0.713608721048 0.829824800659 -0.514278518003
35.38831064851882 -0.564323656394 0.836429217005 0.806973622886 -0.626503098379
35.42834267413931 -0.528485060523 0.952947821211 0.7797385319 -0.733174138498
35.468374699759806 -0.488121411517 1.0623788382 0.748356359301 -0.833580487492
35.508406725380304 -0.443530314698 1.1640482367 0.713090521534 -0.927107902402
35.5484387510008 -0.395034140633 1.25739291488 0.674227086768 -1.01323923492
35.5884707766213 -0.342975633738 1.34195542411 0.63207091265 -1.09155078638
35.62850280224179 -0.287713869074 1.41737522212 0.58694204676 -1.16170569423
35.66853482786229 -0.229620631856 1.48337716708 0.539172453734 -1.22344492138
35.708566853482786 -0.169077221802 1.53975845265 0.489103077482 -1.27657684421
35.748598879103284 -0.106471827318 1.58637457927 0.437081360391 -1.32096589936
35.78863090472378 -0.0421974815143 1.62312541214 0.383459235184 -1.35652115
35.82866293034427 0.0233494882412 1.6499422974 0.328591524954 -1.38318559563
35.86869495596477 0.0897703651583 1.66677762127 0.272834882523 -1.40092730767
35.90872698158527 0.156664793196 1.67359640985 0.216546869954 -1.40973216484
35.948759007205766 0.223631229629 1.67037082749 0.160085299927 -1.40959883265
35.98879103282626 0.2902671082 1.65707802547 0.103807834595 -1.40053635158
36.028823058446754 0.356169057889 1.63370166261 0.0480715712789 -1.38256464717
36.06885508406725 0.420933260923 1.60023649302 -0.00676745769099 -1.3557174764
36.10888710968775 0.484156037802 1.55669609963 -0.0603549379195 -1.32004787596
36.14891913530825 0.545434800353 1.50312369534 -0.112339187568 -1.27563606387
36.188951160928745 0.604369494387 1.43960482908 -0.162372437073 -1.22259887903
36.228983186549236 0.660564573153 1.36628172659 -0.21011250363 -1.16110054928
36.269015212169734 0.713631552815 1.28336822789 -0.255224904547 -1.09136397015
36.30904723779023 0.763192285926 1.19116452692 -0.297385516714 -1.01368187109
36.34907926341073 0.808882521495 1.09006991728 -0.336283444765 -0.928426468544
36.38911128903123 0.850356092804 0.980593676735 -0.371624369989 -0.836057692494
36.42914331465172 0.887289605251 0.863362815474 -0.403134281208 -0.737128982399
36.469175340272216 0.919387181686 0.739125017757 -0.43056323782 -0.632289366105
36.50920736589271 0.94638527132 0.608746862438 -0.453689175181 -0.522281867573
36.54923939151321 0.968057285418 0.473206794232 -0.472321566826 -0.407937831021
36.58927141713371 0.98421779882 0.333583085617 -0.486304740137 -0.29016734922
36.62930344275421 0.994726362179 0.191035995861 -0.495520882786 -0.169945162303
36.6693354683747 0.999490225942 0.0467868818427 -0.499892190979 -0.0482941911515
36.709367493995195 0.998466374783 -0.0979071085683 -0.499382474125 0.0737343805566
36.74939951961569 0.991662533683 -0.241779206829 -0.493997958631 0.195081695268
36.78943154523619 0.979136732898 -0.383580468651 -0.483786935279 0.314702814556
36.82946357085669 0.960995628815 -0.522104909992 -0.468838418275 0.431586502463
36.86949559647718 0.937393746512 -0.656214940903 -0.44928162714 0.544775266643
36.90952762209768 0.908529260857 -0.784860999833 -0.425282616027 0.653380884056
36.949559647718175 0.874640133167 -0.907097068374 -0.397041230271 0.756596709632
36.98959167333867 0.836000015104 -1.02209164925 -0.364787889633 0.853706464482
37.02962369895917 0.792913529408 -1.12913318667 -0.328779858223 0.944088699984
37.06965572457966 0.745711156983 -1.22763079718 -0.289297197483 1.02721763135
37.10968775020016 0.69474485642 -1.31710889 -0.246639285309 1.10265918945
37.14971977582066 0.640383413317 -1.39719922215 -0.201121110223 1.17006511999
37.189751801441155 0.583008394661 -1.46762915632 -0.153070026603 1.22916412822
37.22978382706165 0.523010657959 -1.52820778218 -0.10282292775 1.27975139233
37.26981585268214 0.460787148204 -1.57881173015 -0.0507236369231 1.32167785073
37.30984787830264 0.396738788022 -1.61936941228 0.00287887671523 1.3548383263
37.34987990392314 0.331268450387 -1.64984753901 0.0576322223644 1.3791614401
37.389911929543636 0.264779915544 -1.67023891846 0.113181573099 1.39460059802
37.429943955164134 0.197676838259 -1.680552501 0.169170655336 1.40112675351
37.469975980784625 0.130362311632 -1.68080645777 0.225242302188 1.39872360245
37.51000800640512 0.0632385814767 -1.67102444426 0.281038910232 1.38738529826
37.55004003202562 -0.00329315022421 -1.65123534408 0.336202847169 1.36711690482
37.59007205764612 -0.068832989611 -1.62147629753 0.390376950691 1.33793746896
37.630104083266616 -0.132982780345 -1.5817988487 0.443205180054 1.29988546523
37.67013610888711 -0.19534694608 -1.5322789452 0.49433362021 1.25302759278
37.710168134507605 -0.255533517728 -1.47302700123 0.543411650048 1.19746673239
37.7502001601281 -0.313155925398 -1.40420214675 0.590093742079 1.13335397889
37.7902321857486 -0.36783501969 -1.32602474532 0.634041418367 1.06089867671
37.8302642113691 -0.419202059375 -1.23879244162 0.674926055761 0.980381566524
37.87029623698959 -0.46690212611 -1.14289309781 0.712432008782 0.892165016903
37.910328262610086 -0.510597647412 -1.0388134136 0.746259751265 0.796699294067
37.950360288230584 -0.54997264463 -0.927147794968 0.776129639432 0.694529352518
37.99039231385108 -0.584737285426 -0.808602562251 0.80178589647 0.58629755864
38.03042433947158 -0.614632071322 -0.683995243627 0.823000239598 0.472742311939
38.07045636509207 -0.639432415348 -0.554249358512 0.839575821161 0.354692836558
38.11048839071257 -0.658952707337 -0.420383788096 0.851350699075 0.233059520053
38.150520416333066 -0.673049809205 -0.283497820712 0.858200801234 0.108820700318
38.190552441953564 -0.681625887555 -0.144751566132 0.860042308824 -0.0169943552408
38.23058446757406 -0.684630383241 -0.00534377857316 0.856833294551 -0.143324557727
38.27061649319455 -0.682061087748 0.133513016584 0.848574592802 -0.269098291513
38.31064851881505 -0.673964184876 0.270617385111 0.835309787146 -0.393254614491
38.35068054443555 -0.660433311823 0.404804180386 0.817124361046 -0.514764693049
38.390712570056046 -0.641607643484 0.534967028053 0.79414401963 -0.632650907265
38.43074459567654 -0.617669128861 0.660078113248 0.766532290073 -0.746003672537
38.470776621297034 -0.588839012492 0.77920372193 0.734487513752 -0.853994686778
38.51080864691753 -0.555373903922 0.8915158029 0.698239452085 -0.9558868403
38.55084067253803 -0.517561235138 0.996296922338 0.658045367211 -1.05103858886
38.59087269815853 -0.475714976647 1.09294230789 0.614186314719 -1.13890589864
38.630904723779025 -0.430171095077 1.18095617443 0.566963207332 -1.21903939897
38.67093674939952 -0.381283337356 1.25994449179 0.516693144345 -1.29107855543
38.710968775020014 -0.329419360553 1.3296046026 0.463706021277 -1.35474319317
38.75100080064051 -0.274957308637 1.38971267862 0.408341504896 -1.40982318749
38.79103282626101 -0.218282942519 1.44011018125 0.350946465347 -1.45616729145
38.83106485188151 -0.15978729151 1.48068990255 0.291872838245 -1.49367157309
38.871096877502005 -0.0998648544785 1.5113825894 0.231475943015 -1.52226829457
38.911128903122496 -0.038912369123 1.53214578136 0.170113275131 -1.54191658277
38.95116092874299 0.0226721322365 1.54295441157 0.10814353948 -1.552594523
38.99119295436349 0.0844898200858 1.54379376645 0.0459260582997 -1.55429316775
39.03122497998399 0.146141418403 1.53465644511 -0.0161796903479 -1.54701382536
39.07125700560449 0.207227505155 1.51554189031 -0.0778144854669 -1.53076744551
39.11128903122498 0.267348826391 1.48645952407 -0.138619777689 -1.50557696592
39.151321056845475 0.326106802571 1.44743498681 -0.198238252185 -1.47148220343
39.19135308246597 0.383104360923 1.39851926906 -0.256314651025 -1.42854712804
39.23138510808647 0.437947146023 1.33979989386 -0.312496893485 -1.37686883495
39.27141713370697 0.490245252149 1.27141419173 -0.36643762159 -1.31658823912
39.31144915932746 0.539615507308 1.1935634036 -0.417796189622 -1.24790146912
39.35148118494796 0.58568430123 1.1065265768 -0.466241091063 -1.17107111723
39.391513210568455 0.628090923133 1.01067364076 -0.511452799446 -1.08643683883
39.43154523618895 0.666491503965 0.906476626544 -0.5531271019 -0.99442445462
39.47157726180945 0.700563449863 0.794518623397 -0.590978837061 -0.895553219462
39.51160928742994 0.730009573704 0.675496215244 -0.62474536169 -0.790437801776
39.55164131305044 0.754562923256 0.55022059433 -0.654190614399 -0.679789163473
39.59167333867094 0.773991238433 0.419612070894 -0.679108860167 -0.564410051846
39.631705364291435 0.788101124507 0.284690106896 -0.699328205194 -0.445186829026
39.67173738991193 0.796741793761 0.146558731221 -0.714713757438 -0.323077501047
39.71176941553242 0.79980794209 0.00638583472624 -0.725170076498 -0.199094694597
39.75180144115292 0.797241969117 -0.134618176045 -0.73064308292 -0.0742880660067
39.79183346677342 0.789035161887 -0.275225564427 -0.731121112273 0.050276511214
39.831865492393916 0.775227869425 -0.41421733599 -0.726635134499 0.173538561273
39.871897518014414 0.755908632352 -0.550408571687 -0.717258104446 0.294464117231
39.911929543634905 0.731212351825 -0.682672002454 -0.703103509501 0.41206549002
39.9519615692554 0.701317562928 -0.809958547412 -0.684323163254 0.525418652808
39.9919935948759 0.666442948982 -0.931313748762 -0.661104352642 0.633677360713
40.0320256204964 0.626843300168 -1.04588950185 -0.633666501986 0.736083495593
40.072057646116896 0.582805107876 -1.15295074562 -0.602257507997 0.831973342415
40.11208967173739 0.534641991129 -1.25187710457 -0.567149904532 0.920779766739
40.152121697357884 0.482690171838 -1.34215953765 -0.528637031419 1.00203030954
40.19215372297838 0.427304078035 -1.42339470484 -0.487029289024 1.07534339938
40.23218574859888 0.368852407762 -1.49527214032 -0.442650707449 1.14041861949
40.27221777421938 0.307714561474 -1.55756231417 -0.39583581415 1.19702764474
40.31224979983987 0.244277805999 -1.61010333332 -0.346927070924 1.24500394844
40.352281825460366 0.178934757751 -1.65278625731 -0.296272543672 1.2842312773
40.392313851080864 0.112081548164 -1.68554072023 -0.244224112949 1.31463227362
40.43234587670136 0.0441166002396 -1.70832310156 -0.191136175617 1.33615903954
40.47237790232186 -0.0245603161257 -1.7211062875 -0.137364566379 1.34878485965
40.51240992794235 -0.0935485087402 -1.7238721351 -0.0832659005492 1.35249800303
40.55244195356285 -0.162446677976 -1.71660730704 -0.0291970161357 1.34729817165
40.592473979183346 -0.230853080075 -1.69930266236 0.024485454876 1.33319568567
40.632506004803844 -0.298365724541 -1.67195564756 0.0774255288301 1.31021302691
40.67253803042434 -0.364582742226 -1.63457626524 0.129268431443 1.2783891731
40.71257005604484 -0.429103061361 -1.58719606241 0.17966138792 1.23778629517
40.75260208166533 -0.491527487406 -1.52987958947 0.228254712955 1.18849838344
40.79263410728583 -0.551460354838 -1.46273827418 0.2747033427 1.1306617373
40.832666132906326 -0.608511560258 -1.38594413126 0.318668630445 1.06446534115
40.87269815852682 -0.662299353117 -1.29974521382 0.3598207425 0.990162542451
40.91273018414732 -0.712453684556 -1.20447977664 0.397841465213 0.90808170085
40.95276220976781 -0.758620063233 -1.10058853503 0.432427388976 0.818635319407
40.99279423538831 -0.800463854175 -0.988624182478 0.463293420857 0.72232699145
41.03282626100881 -0.837674890236 -0.869257182494 0.490176521185 0.61975539673
41.072858286629305 -0.86997222838 -0.743277074604 0.512839531495 0.51161475945
41.1128903122498 -0.897108848937 -0.611588785354 0.53107493473 0.398691378592
41.152922337870294 -0.918876040341 -0.47520400646 0.544708345451 0.281856300003
41.19295436349079 -0.935107737512 -0.3352259785 0.553601943751 0.162052771395
41.23298638911129 -0.945683393967 -0.192831996642 0.557656730056 0.0402820429145
41.27301841473179 -0.950530789087 -0.049249684683 0.556814714689 -0.0824157812077
41.313050440352285 -0.949627394297 0.0942675979343 0.551059955193 -0.204981455093
41.353082465972776 -0.943000923681 0.236467550003 0.540418938805 -0.326357999348
41.39311449159327 -0.9307287648 0.376125626298 0.524960071816 -0.445511963246
41.43314651721377 -0.91293634484 0.51207013231 0.504792322221 -0.561453361488
41.47317854283427 -0.889794562498 0.643204411434 0.480063121213 -0.673253264056
41.51321056845477 -0.861516398413 0.768525294437 0.450955613505 -0.780058395387
41.55324259407526 -0.828352876181 0.887136634147 0.417685394547 -0.881101825783
41.593274619695755 -0.790588642976 0.998258500554 0.380496947392 -0.975710223247
41.63330664531625 -0.748537124372 1.1012294352 0.33965974396 -1.06330561953
41.67333867093675 -0.702535876653 1.19550545518 0.29546450244 -1.1434046252
41.71337069655725 -0.652941996146 1.28065399606 0.248219489103 -1.21561366963
41.75340272217774 -0.600127807767 1.35634417743 0.198247039051 -1.27962137298
41.79343474779824 -0.544477068392 1.42233446288 0.145880481162 -1.33518890795
41.833466773418735 -0.486381638775 1.47845861642 0.091461426173 -1.38213906218
41.87349879903923 -0.426238771026 1.52461103933 0.0353375346619 -1.42034487635
41.91353082465973 -0.364448973456 1.56073241914 -0.022139268841 -1.44971859366
41.95356285028022 -0.301414423121 1.58679689582 -0.0806141634682 -1.47020188012
41.99359487590072 -0.237537848865 1.60280068319 -0.139730441494 -1.48175726237
42.03362690152122 -0.17322183445 1.60875373593 -0.199130206353 -1.48436204725
42.073658927141715 -0.108868388554 1.60467423028 -0.258454880491 -1.47800453318
42.11369095276221 -0.0448786706023 1.59058636792 -0.317345614302 -1.46268290928
42.1537229783827 0.0183472643164 1.56652164904 -0.375443707323 -1.43840695042
42.1937550040032 0.0804108443857 1.53252335828 -0.432391154343 -1.40520230319
42.2337870296237 0.140915598094 1.48865409759 -0.487831412665 -1.36311718136
42.273819055244196 0.199468095408 1.43500572417 -0.54141045114 -1.31223088641
42.313851080864694 0.255679312197 1.37171106244 -0.592778153529 -1.25266370768
42.353883106485185 0.30916666549 1.29895858266 -0.641590296427 -1.18458948522
42.39391513210568 0.359556487932 1.2170058208 -0.687510904202 -1.10824655432
42.43394715772618 0.406486923318 1.126191748 -0.730214921746 -1.02394775711
42.47397918334668 0.449611624832 1.02694978632 -0.769391570809 -0.932091147015
42.514011208967176 0.488603544143 0.919816301661 -0.80474774687 -0.833166642975
42.55404323458767 0.523159133861 0.805437148274 -0.836011757562 -0.727761016663
42.594075260208164 0.553003342027 0.684570194356 -0.862937726608 -0.616559366096
42.63410728582866 0.577893439478 0.558081106857 -0.885308933223 -0.500341042147
42.67413931144916 0.597623348403 0.426936141699 -0.902941593453 -0.379972949818
42.71417133706966 0.612027518562 0.292189895402 -0.915688232044 -0.256398616342
42.754203362690156 0.620984143733 0.154968082413 -0.923440465076 -0.13062309512
42.794235388310646 0.624417496917 0.0164463301893 -0.926131018803 -0.00369454203683
42.834267413931144 0.62229958173 -0.122172508867 -0.923735155474 0.123315457121
42.87429943955164 0.614650648882 -0.259683665646 -0.916271114624 0.249333743945
42.91433146517214 0.601538816506 -0.394905250661 -0.903799782378 0.37330701206
42.95436349079264 0.583078653534 -0.526702118084 -0.886423463453 0.494222447425
42.99439551641313 0.559428879346 -0.654007076659 -0.864283888146 0.611126140358
43.034427542033626 0.530789272124 -0.775838588319 -0.837559530287 0.723138549138
43.074459567654124 0.497396956806 -0.891314092396 -0.806462380317 0.829466287391
43.11449159327462 0.459522256471 -0.999658459184 -0.771234327618 0.929409811506
43.15452361889512 0.417464308826 -1.10020762205 -0.732143322903 1.02236704018
43.19455564451561 0.371546666794 -1.19240866841 -0.689479510405 1.10783397285
43.23458767013611 0.322112775108 -1.27581161931 -0.643551216361 1.185398271
43.274619695756606 0.269522241537 -1.35006326746 -0.594681612458 1.25473451117
43.3146517213771 0.214147048669 -1.41489420932 -0.543205294592 1.31559364641
43.3546837469976 0.156368498444 -1.47010652276 -0.489465474776 1.36779290695
43.39471577261809 0.096574632433 -1.51555963579 -0.433811560126 1.4112040906
43.43474779823859 0.0351581972205 -1.5511565313 -0.376597185777 1.44574201867
43.47477982385909 -0.0274848423963 -1.57683163071 -0.318178709766 1.47135426455
43.514811849479585 -0.0909563538913 -1.59254030712 -0.258914081685 1.48801214339
43.55484387510008 -0.154856662709 -1.59825054591 -0.199162074345 1.49570337405
43.594875900720574 -0.218785030821 -1.59393858434 -0.139281661583 1.49442795152
43.63490792634107 -0.282339871403 -1.57958664421 -0.0796316353156 1.48419567888
43.67493995196157 -0.345119031848 -1.55518467629 -0.0205701870304 1.46502693538
43.71497197758207 -0.4067201949 -1.52073534957 0.0375455769853 1.43695608146
43.755004003202565 -0.466741539835 -1.47626201962 0.0943603048072 1.40003729583
43.795036028823056 -0.524782744699 -1.42181912952 0.14952131859 1.35435241949
43.83506805444355 -0.580446514553 -1.35750530343 0.202679945697 1.30002097063
43.87510008006405 -0.633340616651 -1.28347729901 0.253493229393 1.23721094236
43.91513210568455 -0.683080499973 -1.19996462738 0.301626097262 1.16615018236
43.95516413130505 -0.729292493598 -1.10728367393 0.346753980684 1.08713743809
43.99519615692554 -0.771617518387 -1.0058502788 0.388565836042 1.0005522351
44.035228182546035 -0.809715409888 -0.896190117805 0.426767650259 0.906863056032
44.07526020816653 -0.843269060704 -0.778944569466 0.461085793101 0.806631982361
44.11529223378703 -0.871989681432 -0.654874371296 0.491271272398 0.700517601772
44.15532425940753 -0.895621407834 -0.524856421084 0.517103459424 0.589272500615
44.19535628502802 -0.913945477773 -0.389875610564 0.538393473054 0.47373682103
44.23538831064852 -0.926784536882 -0.251012463735 0.554987674275 0.35482847436
44.275420336269015 -0.934006123184 -0.109425505285 0.566770506369 0.23352915079
44.31545236188951 -0.935525399326 0.0336703029241 0.573666738134 0.110867173671
44.35548438751001 -0.931306811755 0.177028706242 0.57564285297 -0.0121025453851
44.3955164131305 -0.921364942222 0.319397868926 0.572707791723 -0.134319055792
44.435548438751 -0.905764133783 0.459547397737 0.564912716487 -0.254737035379
44.4755804643715 -0.884617130011 0.596293750219 0.552349980489 -0.372347249518
44.515612489991994 -0.858082733223 0.728523294657 0.535151306387 -0.48619522243
44.55564451561249 -0.826362585741 0.855211601749 0.513485251833 -0.59539699178
44.59567654123298 -0.789697263625 0.975438295563 0.487554110288 -0.699151404494
44.63570856685348 -0.748362072841 1.08839658192 0.457590555943 -0.796748216244
44.67574059247398 -0.702662073672 1.19339852042 0.423853651015 -0.887572913456
44.715772618094476 -0.652927594326 1.28987367295 0.386625217139 -0.971106224194
44.755804643714974 -0.599509507881 1.37736432473 0.346205994667 -1.04692097048
44.79583666933547 -0.542774896523 1.45551644975 0.302912084005 -1.1146755172
44.83586869495596 -0.483103166565 1.52406766107 0.257071718268 -1.17410481231
44.87590072057646 -0.420882557399 1.58283373701 0.209022331357 -1.22501027415
44.91593274619696 -0.356507415544 1.63169345799 0.159108200956 -1.26724829229
44.955964771817456 -0.290375882937 1.67057404502 0.10767840766 -1.30071917812
44.995996797437954 -0.222888281964 1.6994373466 0.0550853236001 -1.32535666128
45.036028823058444 -0.154446007457 1.71826826425 0.00168348581842 -1.34111911601
45.07606084867894 -0.0854506982795 1.72706507175 -0.0521713197738 -1.34798226349
45.11609287429944 -0.016304003479 1.72583368618 -0.106122525902 -1.34593494587
45.15612489991994 0.052592838667 1.71458378252 -0.159813399514 -1.33497635054
45.196156925540436 0.120839022326 1.6933295908 -0.212887363773 -1.3151168746
45.236188951160926 0.188034469306 1.66209347819 -0.264988538551 -1.28638116663
45.276220976781424 0.253780266669 1.62091293742 -0.315762402904 -1.2488138103
45.31625300240192 0.317679452034 1.56985030751 -0.364856737758 -1.20248711245
45.35628502802242 0.379338282643 1.50900506037 -0.411922953628 -1.14751084572
45.39631705364292 0.438368022274 1.43852757488 -0.456617833982 -1.08404308926
45.43634907926341 0.494387003563 1.35863213439 -0.49860545317 -1.01230037886
45.476381104883906 0.547023874443 1.26961381702 -0.537560111732 -0.932570791779
45.516413130504404 0.595920866385 1.1718597667 -0.573169180943 -0.845222497558
45.5564451561249 0.640737715925 1.06586048216 -0.605136492546 -0.750712203825
45.5964771817454 0.6811559921 0.952217980057 -0.633186026179 -0.6495910007
45.63650920736589 0.716883697436 0.83164912279 -0.65706577882 -0.542506238941
45.67654123298639 0.747659810298 0.704984977662 -0.676551559385 -0.430200201076
45.716573258606886 0.77325877499 0.57316512471 -0.691450706947 -0.313504668993
45.75660528422738 0.793494702275 0.43722695761 -0.701605543004 -0.193331459785
45.79663730984788 0.808224841852 0.29828839665 -0.706896192293 -0.0706576973515
45.83666933546837 0.817352551969 0.157529642928 -0.707242988971 0.0534896513374
45.87670136108887 0.820829253417 0.0161689464791 -0.702608016231 0.178053981079
45.91673338670937 0.818655498169 -0.124562224859 -0.692995917611 0.301969664705
45.956765412329865 0.810880961674 -0.263445425668 -0.678453813401 0.424183709071
45.99679743795036 0.797603414788 -0.399300458115 -0.659070378437 0.543676500558
46.036829463570854 0.778966712899 -0.531008632508 -0.634974112194 0.659480874341
46.07686148919135 0.755157924103 -0.657532767975 -0.606330904146 0.770698470991
46.11689351481185 0.726403728129 -0.777932936382 -0.573341003364 0.876512584243
46.15692554043235 0.69296631422 -0.891377779757 -0.536235579546 0.976197380431
46.196957566052845 0.655138872732 -0.997150278236 -0.495272953333 1.0691225882
46.236989591673336 0.613240937035 -1.09464838797 -0.450734704985 1.15475401075
46.27702161729383 0.567613924966 -1.18338188551 -0.402921945697 1.23265096893
46.31705364291433 0.518616760258 -1.26296469254 -0.352151652547 1.30246008075
46.35708566853483 0.466621917989 -1.33310410914 -0.298753348235 1.36390655164
46.39711769415533 0.412011929818 -1.39358797272 -0.243066151232 1.4167838023
46.43714971977582 0.355176437682 -1.44427064073 -0.185436268859 1.46094216965
46.477181745396315 0.296509822808 -1.48505891765 -0.126214953963 1.49627759459
46.51721377101681 0.236409371257 -1.51589848453 -0.0657568917096 1.52272074757
46.55724579663731 0.175273959435 -1.53676230201 -0.00441900199516 1.54022779014
46.59727782225781 0.113503180539 -1.54764087351 0.0574404074338 1.54877267895
46.6373098478783 0.0514967653594 -1.54853558236 0.119462258358 1.54834199752
46.6773418734988 -0.0103457696365 -1.53945499569 0.181287144968 1.5389322258
46.717373899119295 -0.0716253437494 -1.52041439303 0.242555681745 1.5205496538
46.75740592473979 -0.13194372673 -1.4914389149 0.302909021945 1.49321325148
46.79743795036029 -0.190903952074 -1.45256944019 0.361989385833 1.45695976994
46.83746997598078 -0.248111158524 -1.4038716197 0.419440951208 1.41185140549
46.87750200160128 -0.303173814538 -1.34544719487 0.474911069374 1.35798531302
46.91753402722178 -0.355705390528 -1.2774467685 0.528051854089 1.29550427394
46.957566052842274 -0.405326557444 -1.20008329782 0.578522204415 1.22460790505
46.99759807846277 -0.451668001625 -1.11364622305 0.625990350122 1.145564349
47.03763010408327 -0.494373746507 -1.01851418303 0.670136808322 1.05872073728
47.07766212970376 -0.533104908439 -0.915165653471 0.710657694034 0.964511880914
47.11769415532426 -0.567543893092 -0.804186918742 0.747268394186 0.863466698584
47.157726180944756 -0.597398724686 -0.686275955378 0.779707337845 0.756211208041
47.197758206565254 -0.622408098343 -0.562243870248 0.80774038748 0.64346942403
47.23779023218575 -0.642344740117 -0.433005565051 0.83116372971 0.526055319125
47.27782225780624 -0.657020250603 -0.299573514817 0.849808090301 0.404867270508
47.31785428342674 -0.66628837708 -0.163040993722 0.863541555774 0.280873730231
47.35788630904724 -0.670047963127 -0.0245636522377 0.872272140163 0.15509747458
47.397918334667736 -0.66824501325 0.114662913653 0.875949589239 0.0285964660323
47.437950360288234 -0.660873742393 0.253427735538 0.874566320465 -0.0975571186506
47.477982385908724 -0.64797675876 0.390529515941 0.868157622033 -0.222298304164
47.51801441152922 -0.629644145195 0.524801499214 0.856800909177 -0.344590653187
47.55804643714972 -0.606011614379 0.655134285726 0.840614183468 -0.463445948207
47.59807846277022 -0.577257785594 0.780495545952 0.819753731303 -0.577941346814
47.638110488390716 -0.543600839678 0.899946177439 0.79441127784 -0.687233612729
47.678142514011206 -0.505294468927 1.01265124304 0.764810516825 -0.790569040331
47.718174539631704 -0.462623588128 1.11788616376 0.731203411122 -0.887289429171
47.7582065652522 -0.415899877101 1.21503806365 0.693866320455 -0.976834007382
47.7982385908727 -0.365457363323 1.30360254958 0.653096131118 -1.05873751648
47.8382706164932 -0.311648209894 1.38317650905 0.609206526931 -1.13262491684
47.87830264211369 -0.25483887711 1.45344770095 0.562524544249 -1.19820333123
47.918334667734186 -0.195406626748 1.5141826553 0.513387395202 -1.25525249941
47.958366693354684 -0.133736821329 1.56521188081 0.462139919882 -1.30361280044
47.99839871897518 -0.0702205288651 1.60641639871 0.409132297178 -1.34317430473
48.03843074459568 -0.00525280508013 1.6377146411 0.354718308519 -1.37386595401
48.07846277021617 0.06076860836 1.65905083792 0.299253945503 -1.39564581463
48.11849479583667 0.127444079907 1.67038502361 0.243096442441 -1.40849253521
48.158526821457166 0.194372552562 1.67168645757 0.186603599885 -1.41239948189
48.19855884707766 0.261151886923 1.66293007202 0.13013322977 -1.40737122671
48.23859087269816 0.327379038673 1.64409615968 0.0740427602025 -1.39342260445
48.27862289831865 0.392650284631 1.61517359218 0.0186888296168 -1.37058056505
48.31865492393915 0.456561800021 1.57616636746 -0.0355733701829 -1.33888868097
48.35868694955965 0.51871034793 1.52710293385 -0.0883908120393 -1.29841385992
48.398718975180145 0.578694512246 1.46804810217 -0.139413756354 -1.24925514531
48.43875100080064 0.636116422937 1.39911678406 -0.188297238866 -1.19155399339
48.478783026421134 0.690584060575 1.32048877181 -0.234702993524 -1.12550541357
48.51881505204163 0.741714150687 1.23242358576 -0.278301821115 -1.05136920596
48.55884707766213 0.789135662443 1.13527431994 -0.318776415729 -0.969480458413
48.59887910328263 0.832493765381 1.02949976613 -0.355824538436 -0.880258729628
48.638911128903125 0.871454209837 0.915673390724 -0.38916251081 -0.78421480583
48.678943154523616 0.905708126807 0.794488991341 -0.418529024449 -0.681954896883
48.71897518014411 0.934976864275 0.666759926502 -0.443688970451 -0.574179833053
48.75900720576461 0.959016653401 0.533416369461 -0.464437133521 -0.461682723894
48.79903923138511 0.977623139379 0.395492528494 -0.480601764078 -0.345338817502
48.83907125700561 0.990635214284 0.254114517433 -0.492047609105 -0.226095849169
48.8791032826261 0.997938364217 0.110478909871 -0.498678547997 -0.104957151369
48.919135308246595 0.999467019414 -0.034169963301 -0.500439449177 0.0170362298863
48.95916733386709 0.995205924447 -0.178566235506 -0.497317253504 0.138826166216
48.99919935948759 0.985190472267 -0.321449479394 -0.48934124242 0.259358667119
49.03923138510809 0.969505967039 -0.46159149309 -0.476582463776 0.377604960429
49.079263410728586 0.948285812258 -0.59782138959 -0.459152311305 0.492581257708
49.11929543634908 0.921708753654 -0.729047582392 -0.43720035866 0.603366109032
49.159327461969575 0.88999535004 -0.854275795616 -0.410911583233 0.709114665765
49.19935948759007 0.85340380701 -0.972622207053 -0.380503084094 0.80906915972
49.23939151321057 0.812225344437 -1.08332112665 -0.34622042651 0.902565132129
49.27942353883107 0.766779422289 -1.1857276479 -0.308333866626 0.989033752752
49.31945556445156 0.717408924291 -1.27931511131 -0.267134532377 1.06800010734
49.35948759007206 0.664475560745 -1.36366831641 -0.222930764878 1.1390781866
49.399519615692554 0.608355600681 -1.43847324747 -0.176044704763 1.20196317439
49.43955164131305 0.549436081807 -1.50350415119 -0.12680923852 1.25642169465
49.47958366693355 0.488111470855 -1.5586094112 -0.075565284872 1.30228114366
49.51961569255404 0.424781201406 -1.6036953259 -0.0226597430856 1.33941743469
49.55964771817454 0.359847465496 -1.63871318088 0.0315563664041 1.36774532868
49.599679743795036 0.293713757603 -1.66364528644 0.0867291991829 1.38720801637
49.639711769415534 0.226783821507 -1.67849437648 0.142503086929 1.39776936866
49.67974379503603 0.159461031538 -1.68327509669 0.198521223102 1.39940785546
49.71977582065652 0.0921480337758 -1.67800871607 0.254426166219 1.39211302909
49.75980784627702 0.0252465426203 -1.66272137784 0.309860247839 1.37588481148
49.79983987189752 -0.0408429141414 -1.6374457473 0.364466048862 1.35073546016
49.839871897518016 -0.105721304862 -1.60222579274 0.4178869443 1.31669399303
49.879903923138514 -0.168991743551 -1.55712479082 0.46976794288 1.27381312194
49.919935948759004 -0.230260417541 -1.50223576192 0.519756768254 1.22217805907
49.9599679743795 -0.289138049452 -1.43769403638 0.567505385026 1.16191692101
50.0 -0.34524183457 -1.36369083148 0.612671915374 1.09321183209
