0.0 -0.5 0.5 3.001 5.9
0.040032025620496396 -0.470990254614 0.956775098183 3.22836875681 5.45179484425
0.08006405124099279 -0.422840452922 1.45516133962 3.4369260758 4.96119561037
0.1200960768614892 -0.35403039211 1.98749282107 3.62511321953 4.43551203963
0.16012810248198558 -0.263391373322 2.54393898881 3.79170914851 3.88424302864
0.200160128102482 -0.150183376751 3.11301011157 3.9359088632 3.31857858931
0.2401921537229784 -0.0141484759296 3.68226182594 4.05737789431 2.75067946938
0.28022417934347477 0.144467323087 4.23908032993 4.15627391746 2.19284293351
0.32025620496397117 0.324922742937 4.77145384155 4.23323513352 1.65664271638
0.3602882305844676 0.526018534093 5.26860628277 4.28933567784 1.15216730413
0.400320256204964 0.746156111537 5.72141017984 4.32601384509 0.687445752544
0.4403522818254604 0.983407424527 6.12253696392 4.34498224266 0.268116820463
0.4803843074459568 1.23558562758 6.46634035069 4.34812966477 -0.102636191164
0.5204163330664532 1.50030629964 6.74853410621 4.33742573347 -0.423923173728
0.5604483586869495 1.77503301023 6.96572287984 4.31483536953 -0.696795880664
0.600480384307446 2.05710260551 7.11488539967 4.28225014983 -0.923783952474
0.6405124099279423 2.34373031637 7.19289407105 4.24143931921 -1.10838350517
0.6805444355484388 2.63199769864 7.1961498935 4.19402118792 -1.25455958987
0.7205764611689351 2.91882923977 7.12039463933 4.14145340096 -1.36630995641
0.7606084867894315 3.20096604775 6.9607468923 4.0850387355 -1.44732589401
0.800640512409928 3.47494556131 6.71198030255 4.0259422905 -1.50076678983
0.8406725380304243 3.73709743571 6.36904879301 3.965215204 -1.52916144167
0.8807045636509208 3.98356502851 5.92783003221 3.90381976323 -1.53443402224
0.9207365892714171 4.21036000665 5.38602521608 3.84265119957 -1.51804159892
0.9607686148919136 4.41345442256 4.74411715189 3.7825521558 -1.4811987447
1.00080064051241 4.58891061182 4.00625945191 3.72431689526 -1.42515374032
1.0408326661329064 4.73304228536 3.18093758121 3.66868433663 -1.35146637261
1.0808646917534028 4.84259507891 2.2812540856 3.6163207591 -1.26223636956
1.120896717373899 4.91492848998 1.32472053808 3.56779531669 -1.16023411731
1.1609287429943955 4.94818081051 0.332538879844 3.52355232491 -1.04891167825
1.200960768614892 4.94139219446 -0.671659668316 3.48388639804 -0.932264285372
1.2409927942353882 4.89457189989 -1.66338156165 3.44892509409 -0.814595965926
1.2810248198558847 4.8086979356 -2.61900592744 3.41862255353 -0.700214227471
1.3210568454763811 4.68564896949 -3.51740368689 3.39276551123 -0.593128501977
1.3610888710968776 4.52807747084 -4.34123462173 3.37099032219 -0.496807535211
1.4011208967173738 4.33923949754 -5.07775906822 3.35280787644 -0.414040479855
1.4411529223378703 4.12280360951 -5.71911611022 3.33763153063 -0.346916148246
1.4811849479583667 3.88265853003 -6.26209412773 3.32480369518 -0.296912394018
1.521216973578863 3.62273840515 -6.70750246008 3.31361712389 -0.265065530935
1.5612489991993594 3.34687895828 -7.05929025703 3.30332844948 -0.252179693545
1.601281024819856 3.0587113943 -7.32355980276 3.29316322407 -0.259036744969
1.6413130504403524 2.76159574272 -7.50760388138 3.28231310247 -0.286573419666
1.6813450760608486 2.45859058602 -7.61906447721 3.26992702141 -0.336002120219
1.721377101681345 2.15245304933 -7.66526355009 3.25509885523 -0.408864510052
1.7614091273018415 1.84566169206 -7.65273638751 3.23685436223 -0.507012613425
1.801441152922338 1.54045394476 -7.58696565322 3.21414031461 -0.632520528103
1.8414731785428342 1.23887046892 -7.47230001935 3.18581842685 -0.787533867003
1.8815052041633307 0.942799513054 -7.31203196958 3.15066637005 -0.974067700871
1.9215372297838271 0.654015316921 -7.1086051582 3.10738774599 -1.19376648534
1.9615692554043234 0.374206417339 -6.86391523481 3.05463204092 -1.44764512905
2.00160128102482 0.104990497284 -6.57966912623 2.9910250257 -1.73583232735
2.0416333066453163 -0.152085608477 -6.25776148144 2.91520893322 -2.05734297092
2.0816653322658127 -0.395560632133 -5.90062672318 2.82589069338 -2.40990802934
2.121697357886309 -0.624086501616 -5.51152515357 2.72189536435 -2.78988968598
2.1617293835068057 -0.836465446892 -5.09472587621 2.60222083934 -3.19230455786
2.2017614091273017 -1.03169189608 -4.65556012402 2.46608923966 -3.61096696885
2.241793434747798 -1.20899372193 -4.20033245185 2.31299019413 -4.03875123577
2.2818254603682946 -1.36786713478 -3.73609668132 2.14271148727 -4.4679546224
2.321857485988791 -1.50810030522 -3.2703230821 1.95535370478 -4.89072686264
2.3618895116092875 -1.62978217425 -2.81049947495 1.75132709536 -5.29952079005
2.401921537229784 -1.73329484968 -2.36371860337 1.53133082039 -5.68751409788
2.4419535628502804 -1.8192901359 -1.93630363708 1.29631670812 -6.04895703216
2.4819855884707764 -1.88865251523 -1.5335162563 1.04744110094 -6.3794109799
2.522017614091273 -1.94245265979 -1.15937795749 0.786009717668 -6.67585860381
2.5620496397117694 -1.98189630055 -0.816615760192 0.513420752004 -6.93668478266
2.602081665332266 -2.00827332738 -0.506723082086 0.231111026864 -7.16154579679
2.6421136909527623 -2.02291127838 -0.230124437683 -0.0594907145948 -7.35114440221
2.6821457165732587 -2.0271370608 0.0135926879243 -0.357000232547 -7.50695061524
2.722177742193755 -2.02224887577 0.225403568037 -0.660102341215 -7.63089351303
2.762209767814251 -2.0094993915 0.406559859955 -0.967563121478 -7.72505350318
2.8022417934347477 -1.99009027337 0.558314142961 -1.27823013241 -7.7913759425
2.842273819055244 -1.96517719108 0.681673858772 -1.59102187975 -7.8314220695
2.8823058446757406 -1.93588385152 0.777197309335 -1.90490825443 -7.84616738309
2.922337870296237 -1.9033232856 0.844840216897 -2.2188838783 -7.83585390014
2.9623698959167335 -1.86862405135 0.883860231962 -2.53193680607 -7.79990177284
3.00240192153723 -1.83295904256 0.892784603267 -2.84301491018 -7.73688441742
3.042433947157726 -1.79757423123 0.869447283523 -3.15099262079 -7.64457251799
3.0824659727782224 -1.76381443034 0.811101640606 -3.45464090232 -7.52005250845
3.122497998398719 -1.73314293719 0.714614113337 -3.75260354987 -7.35992439847
3.1625300240192153 -1.70715179256 0.576741144963 -4.04338299777 -7.16058079996
3.202562049639712 -1.68755919418 0.394485528115 -4.32533900265 -6.91856260759
3.2425940752602083 -1.67619147264 0.165518853533 -4.59670266996 -6.63097721365
3.2826261008807047 -1.67494707127 -0.111355666414 -4.85560821694 -6.29595223118
3.322658126501201 -1.6857419189 -0.435739572873 -5.10014285816 -5.91308375743
3.362690152121697 -1.71043705282 -0.805227692173 -5.3284136632 -5.48382440067
3.4027221777421937 -1.75075176761 -1.21510479559 -5.53862776959 -5.01175337575
3.44275420336269 -1.80816772404 -1.65820774743 -5.72918007673 -4.50266961425
3.4827862289831866 -1.88383159424 -2.12499329485 -5.89874035539 -3.96446673209
3.522818254603683 -1.97846477155 -2.60382331734 -6.0463307692 -3.40677846651
3.5628502802241795 -2.09228863016 -3.08144928228 -6.17138485226 -2.8404151986
3.602882305844676 -2.22497227146 -3.54364089585 -6.27378073848 -2.27665232515
3.642914331465172 -2.37560704869 -3.97588140022 -6.35384436358 -1.72645751279
3.6829463570856684 -2.54270890672 -4.36404320628 -6.41232208068 -1.19975705145
3.722978382706165 -2.72424581126 -4.69497025135 -6.45032654825 -0.704831571262
3.7630104083266613 -2.91768610032 -4.95691632426 -6.46926182936 -0.247912509807
3.803042433947158 -3.12006115332 -5.13982666957 -6.47073708108 0.16698914719
3.8430744595676543 -3.32803636722 -5.23548882882 -6.45647813881 0.538032736336
3.8831064851881507 -3.53798637188 -5.23759762169 -6.42824475652 0.865313340547
3.9231385108086467 -3.74607217878 -5.14178961073 -6.38776004052 1.15049685375
3.963170536429143 -3.94831989673 -4.94570283914 -6.33665613365 1.39639831035
4.00320256204964 -4.14070291153 -4.64908955333 -6.27643634062 1.60656129188
4.0432345876701365 -4.31922975704 -4.25398897659 -6.20845374147 1.78488550242
4.083266613290633 -4.48003986804 -3.76493411702 -6.13390340436 1.93533863166
4.123298638911129 -4.61950715378 -3.18913662828 -6.05382355328 2.06175866224
4.1633306645316255 -4.73434971369 -2.53658237013 -5.96910330732 2.16774775816
4.2033626901521215 -4.82174026424 -1.81997223603 -5.88049301216 2.25663588118
4.243394715772618 -4.87941022939 -1.05444801508 -5.7886149678 2.33149655316
4.283426741393114 -4.90573783232 -0.257077796364 -5.69397291324 2.39518658995
4.323458767013611 -4.89981149231 0.553863477727 -5.59695982881 2.45038793722
4.363490792634107 -4.86146040715 1.35978695257 -5.49786424864 2.49964073971
4.403522818254603 -4.7912481331 2.14274276569 -5.39687558421 2.5453583007
4.4435548438751 -4.69042898125 2.88634408884 -5.29408916891 2.58982685741
4.483586869495596 -4.5608688442 3.57654671741 -5.18951152165 2.63519393528
4.523618895116093 -4.40493859711 4.20220560401 -5.08306621395 2.68345361037
4.563650920736589 -4.2253920532 4.75537119775 -4.9746002749 2.73643523776
4.603682946357086 -4.02523638861 5.23131801752 -4.86389090992 2.79579700802
4.643714971977582 -3.80760651733 5.62833556174 -4.75065239595 2.86302473669
4.683746997598078 -3.57565159156 5.94734718834 -4.63454297016 2.93943268842
4.723779023218575 -3.33243943142 6.19141626712 -4.51517170114 3.02616233099
4.763811048839071 -3.0808811972 6.36521498845 -4.39210552256 3.12417557322
4.803843074459568 -2.8236771852 6.47450612399 -4.2648766809 3.23424050848
4.843875100080064 -2.56328298423 6.52567944034 -4.13299089716 3.35690935278
4.883907125700561 -2.30189275332 6.52537433529 -3.99593657844 3.4924904744
4.923939151321057 -2.04143469716 6.48018735474 -3.85319515435 3.64101855562
4.963971176941553 -1.78357719036 6.39646536973 -3.70425259879 3.80222643747
5.00400320256205 -1.5297422146 6.28018365237 -3.54861205042 3.97552407762
5.044035228182546 -1.28112095136 6.13686658778 -3.38580689775 4.15998774346
5.084067253803043 -1.03869298225 5.97156722021 -3.21541415777 4.35436328418
5.124099279423539 -0.803245031164 5.78887011024 -3.03706738591 4.55708532207
5.164131305044036 -0.575389361544 5.59290964026 -2.85046847064 4.7663125329
5.204163330664532 -0.355581303437 5.38739469947 -2.65539771429 4.97997786723
5.244195356285028 -0.144135949284 5.17563221996 -2.45172171579 5.19585214525
5.2842273819055245 0.0587563905042 4.9605454616 -2.23939823995 5.4116151564
5.324259407526021 0.253015134605 4.74468721723 -2.01847857875 5.62493031621
5.3642914331465175 0.438654326595 4.53024844509 -1.78910659593 5.83352238939
5.4043234587670135 0.615768644961 4.31906382544 -1.55151483498 6.03524468123
5.44435548438751 0.784519306243 4.11261803474 -1.30601823672 6.2281383501
5.484387510008006 0.945120239877 3.91205508569 -1.05300573644 6.41047866987
5.524419535628502 1.09782404684 3.71819380649 -0.792929760598 6.58080828651
5.564451561248999 1.24291040561 3.53154987403 -0.526295705076 6.73794695051
5.604483586869495 1.38067391235 3.35236672587 -0.253650561174 6.88099192763
5.644515612489992 1.51141429671 3.18065303038 0.0244276156007 7.00930132827
5.684547638110488 1.63542732197 3.01623041037 0.307340219056 7.12246365647
5.724579663730985 1.75299901888 2.85878296024 0.594475806864 7.22025839502
5.764611689351481 1.86440077042 2.70791322405 0.885217268472 7.30260953197
5.804643714971977 1.96988719238 2.56320011902 1.17894651983 7.36953342499
5.844675740592474 2.06969706074 2.42425464377 1.47504696155 7.42108332362
5.88470776621297 2.16405510505 2.29077258672 1.77290401706 7.4572997897
5.924739791833467 2.2531760869 2.16259126568 2.07190363784 7.47815656445
5.964771817453963 2.33727190804 2.03973095515 2.37142859064 7.48351431687
6.00480384307446 2.41655942567 1.92242756347 2.67085333662 7.4730828908
6.044835868694956 2.49127007565 1.81117371453 2.9695366995 7.44637834761
6.084867894315452 2.56166024529 1.70672184102 3.26681405009 7.40270719675
6.124899919935949 2.62802165703 1.61008797178 3.56198862389 7.34115199704
6.164931945556445 2.69069197959 1.52253762942 3.85432222155 7.26057115174
6.204963971176942 2.75006353169 1.44555353626 4.1430271579 7.15961483202
6.244995996797438 2.80659187621 1.38077605127 4.42725767274 7.03676230798
6.285028022417935 2.86079999334 1.32992677289 4.70610473799 6.89037645202
6.325060048038431 2.91327988184 1.29470664711 4.97859261083 6.71878050155
6.365092073658927 2.96468891437 1.2766664625 5.24367940924 6.52036028
6.405124099279424 3.01574117568 1.27706610713 5.50026185714 6.2936790241
6.44515612489992 3.06719293494 1.29671202169 5.74718466512 6.03761248108
6.4851881505204165 3.11982060428 1.3357935416 5.98325643852 5.7514885814
6.5252201761409125 3.17439347903 1.39372590904 6.20726996284 5.43522268685
6.5652522017614094 3.23163982566 1.46901083512 6.41802826407 5.08943969451
6.6052842273819055 3.29220693458 1.55913272305 6.61437589484 4.71556670602
6.645316253002402 3.35662099287 1.66052098805 6.79523076516 4.31586963865
6.685348278622898 3.42524409923 1.76856226739 6.95961838778 3.89344819739
6.725380304243394 3.49823415723 1.87769658525 7.1067040031 3.45216127511
6.765412329863891 3.57551039213 1.98158837639 7.23582029134 2.9964928265
6.805444355484387 3.65672675739 2.07336868118 7.34648894226 2.5313646424
6.845476381104884 3.74125645179 2.14593862427 7.4384337542 2.06190892517
6.88550840672538 3.82818961077 2.19230820907 7.5115840667 1.59322617251
6.925540432345877 3.91634462959 2.20595297848 7.56606878822 1.13014644514
6.965572457966373 4.00429385577 2.1811604134 7.60220119221 0.677018947305
7.005604483586869 4.09040252515 2.11334280276 7.62045618282 0.237547245461
7.045636509207366 4.17287910342 1.99929739067 7.62144211988 -0.185319316753
7.085668534827862 4.24983499876 1.83739588817 7.60586939682 -0.589431835666
7.125700560448359 4.31934986756 1.62769696711 7.57451851879 -0.973433393916
7.165732586068855 4.37954009303 1.37197305448 7.52820934362 -1.33670116342
7.205764611689352 4.42862648296 1.07365232584 7.4677734657 -1.67925423387
7.245796637309848 4.46499799039 0.737679005251 7.39403073899 -2.00164045886
7.285828662930344 4.48726839833 0.370299288172 7.30777051474 -2.30481515647
7.325860688550841 4.49432312896 -0.0212156626488 7.2097377343 -2.59002246084
7.365892714171337 4.4853538688 -0.42889416267 7.10062359889 -2.85868740806
7.405924739791834 4.4598794842 -0.84441483931 6.98106019461 -3.11232303269
7.44595676541233 4.41775299249 -1.25946776964 6.85161861071 -3.35245259551
7.485988791032827 4.35915404267 -1.66609857685 6.71280979022 -3.58054898443
7.526020816653323 4.28456839961 -2.05701617108 6.56508750986 -3.79798865772
7.566052842273819 4.1947561048 -2.42584719073 6.40885294809 -4.00601815758
7.606084867894316 4.09071076695 -2.76732514584 6.2444603724 -4.20573105968
7.646116893514812 3.97361240671 -3.07740514547 6.07222361299 -4.39805386128
7.6861489191353085 3.84477791121 -3.35330399075 5.89242285589 -4.58373920523
7.7261809447558045 3.7056106123 -3.59347579518 5.70531166398 -4.76336493543
7.766212970376301 3.55755221951 -3.79753050835 5.5111239045 -4.93733839575
7.806244995996797 3.40203895499 -3.96610661209 5.31008040734 -5.10590557933
7.8462770216172935 3.24046347517 -4.10071526329 5.10239517161 -5.26916424157
7.88630904723779 3.0741433126 -4.20356920765 4.88828097912 -5.4270805011
7.926341072858286 2.90429629294 -4.27740847596 4.66795428361 -5.57950817992
7.966373098478783 2.73202311075 -4.3253337135 4.44163924171 -5.72621020676
8.00640512409928 2.55829533309 -4.35065189022 4.20957099159 -5.86688088055
8.046437149719775 2.38395020657 -4.35674395856 3.97199790229 -6.00116844098
8.086469175340273 2.2096898813 -4.34695027841 3.72918305469 -6.12869707465
8.126501200960769 2.03608555351 -4.32448678259 3.48140463894 -6.24908640933
8.166533226581265 1.86358328421 -4.29237567344 3.22895586463 -6.3619685094
8.206565252201761 1.69251267289 -4.25339656572 2.97214422519 -6.46700220642
8.246597277822257 1.5230974827 -4.21005961135 2.71129014865 -6.56388325409
8.286629303442755 1.35546672107 -4.16459194221 2.44672535429 -6.65235040631
8.326661329063251 1.18966589595 -4.11893247643 2.17879113062 -6.73218894865
8.366693354683747 1.02566859828 -4.07473940876 1.90783642376 -6.8032303723
8.406725380304243 0.863387415372 -4.03340503322 1.63421604849 -6.86534851238
8.446757405924739 0.702684231823 -3.99607092813 1.35828911543 -6.91845490704
8.486789431545237 0.543379988067 -3.96364754563 1.08041761198 -6.96249211045
8.526821457165733 0.385263450917 -3.93683414395 0.800965333847 -6.99742597129
8.566853482786229 0.228099268532 -3.91613609719 0.52029712215 -7.02323853247
8.606885508406725 0.0716355251901 -3.90188058768 0.238778305779 -7.03992135835
8.646917534027223 -0.0843893797305 -3.89422949793 -0.0432255709697 -7.04746964446
8.686949559647719 -0.240240509297 -3.89318591388 -0.325348708771 -7.04587887371
8.726981585268215 -0.396179861337 -3.8985995257 -0.60722512992 -7.03514218646
8.76701361088871 -0.552460349637 -3.91016560745 -0.888488526324 -7.01525032802
8.807045636509207 -0.709319532177 -3.92742031654 -1.16877219508 -6.986193333
8.847077662129704 -0.866973057845 -3.94973220788 -1.44770907612 -6.94796392649
8.8871096877502 -1.02560782021 -3.97629071326 -1.72493194536 -6.90056226137
8.927141713370697 -1.1853743576 -4.00609206648 -2.00007382851 -6.84400174882
8.967173738991193 -1.34637896063 -4.03792469882 -2.27276866424 -6.77831510487
9.007205764611689 -1.50867478573 -4.07035484605 -2.54265221281 -6.70356029404
9.047237790232186 -1.67225330372 -4.10171520709 -2.80936310004 -6.61982526673
9.087269815852682 -1.83703507498 -4.13009835326 -3.07254405385 -6.5272310701
9.127301841473178 -2.00285773401 -4.15335037047 -3.33184352775 -6.42593521883
9.167333867093674 -2.16946914966 -4.16908694927 -3.58691683845 -6.31612723607
9.207365892714172 -2.33651714956 -4.17470870064 -3.83742751456 -6.19802606451
9.247397918334668 -2.50354157621 -4.16743431922 -4.08304836509 -6.07187228089
9.287429943955164 -2.66996848904 -4.14435682315 -4.32346197411 -5.93791582029
9.32746196957566 -2.83510594799 -4.10250654739 -4.55836095188 -5.79640349678
9.367493995196156 -2.99814273486 -4.03893892041 -4.78744756223 -5.64756206938
9.407526020816654 -3.15815290141 -3.95084895231 -5.01043227832 -5.4915790926
9.44755804643715 -3.31410293052 -3.8356906074 -5.22703198959 -5.32858410006
9.487590072057646 -3.46486449606 -3.69131330055 -5.43696734918 -5.15862925362
9.527622097678142 -3.60923361799 -3.51611302387 -5.63995920705 -4.98166993251
9.567654123298638 -3.74595563369 -3.30917876265 -5.83572439827 -4.79754802227
9.607686148919136 -3.87375564018 -3.07043208899 -6.02397090295 -4.60597719624
9.647718174539632 -3.99137424307 -2.80074665692 -6.20439249028 -4.40653196945
9.687750200160128 -4.09760756448 -2.50203680924 -6.37666299754 -4.19864103505
9.727782225780624 -4.19134999731 -2.1773064639 -6.54043043376 -3.98158538766
9.767814251401122 -4.27163820994 -1.83063029919 -6.69531113395 -3.75450435698
9.807846277021618 -4.33769223324 -1.46709698253 -6.84088432398 -3.51640649097
9.847878302642114 -4.38895408337 -1.0926737409 -6.97668725474 -3.26619068691
9.88791032826261 -4.42511911552 -0.71401763547 -7.10221140283 -3.00267658405
9.927942353883106 -4.4461592367 -0.338232480803 -7.21690004337 -2.72464656859
9.967974379503604 -4.45233458273 0.027416650464 -7.3201479286 -2.43090115236
10.0080064051241 -4.44419456751 0.375807764096 -7.41130321101 -2.12032643007
10.048038430744596 -4.42256543334 0.700276379791 -7.48967254169 -1.79197583465
10.088070456365092 -4.38852610405 0.994914174023 -7.55452953559 -1.44516241646
10.128102481985588 -4.34337236197 1.25483608122 -7.60512716331 -1.07955866378
10.168134507606085 -4.28857132458 1.47639872128 -7.64071416643 -0.695297196639
10.208166533226581 -4.22570837978 1.65735713829 -7.66055538066 -0.29306383189
10.248198558847077 -4.15642924659 1.7969500509 -7.66395546745 0.125827372728
10.288230584467573 -4.08238014393 1.8959098265 -7.65028507769 0.559387341078
10.328262610088071 -4.00514909027 1.95639149713 -7.61900823165 1.00494536893
10.368294635708567 -3.92621162152 1.98183176788 -7.56970892764 1.45918731468
10.408326661329063 -3.84688341616 1.97674050402 -7.50211532767 1.91824370503
10.44835868694956 -3.7682824058 1.9464404899 -7.4161194396 2.3778243551
10.488390712570055 -3.69130206766 1.89677347934 -7.31179057601 2.83339060529
10.528422738190553 -3.6165967254 1.833789911 -7.18938152633 3.28035340884
10.568454763811049 -3.54457941105 1.76344959794 -7.0493263329 3.71427657222
10.608486789431545 -3.47543098313 1.69134844329 -6.89223032653 4.13107003657
10.648518815052041 -3.40911946387 1.62249191017 -6.71885281739 4.52715457377
10.688550840672539 -3.34542722675 1.5611263881 -6.53008403655 4.89958543964
10.728582866293035 -3.28398369024 1.51063530318 -6.3269180704 5.24612687098
10.768614891913531 -3.22430087949 1.47349995194 -6.11042382665 5.56527548283
10.808646917534027 -3.16580932718 1.45131912207 -5.881716049 5.85623631025
10.848678943154523 -3.10789203935 1.44487730703 -5.64192821785 6.11885954574
10.88871096877502 -3.04991523538 1.45425016101 -5.39218838953 6.35354760306
10.928742994395517 -2.99125422642 1.47893256213 -5.13359924058 6.56114485593
10.968775020016013 -2.93131388814 1.51797787276 -4.86722272981 6.74282006032
11.008807045636509 -2.86954347518 1.57013703543 -4.59406949182 6.89995116413
11.048839071257005 -2.80544609992 1.63398870113 -4.31509259796 7.03401982295
11.088871096877503 -2.73858328233 1.70805472836 -4.03118526672 7.14652012862
11.128903122497999 -2.66857517043 1.7908980036 -3.7431819548 7.23888379909
11.168935148118495 -2.59509726221 1.88119878003 -3.4518620424 7.31242428211
11.20896717373899 -2.51787454351 1.97781361576 -3.15795539269 7.3682961269
11.248999199359488 -2.43667368577 2.07981331531 -2.86214915105 7.40747180204
11.289031224979984 -2.35129377898 2.18650552549 -2.56509545691 7.43073142907
11.32906325060048 -2.26155672877 2.29743995064 -2.26741906623 7.43866613088
11.369095276220976 -2.167297814 2.41240077724 -1.96972457143 7.43169144405
11.409127301841473 -2.068356523 2.53138853947 -1.67260311713 7.41006903724
11.44915932746197 -1.96456847642 2.654591748 -1.37663794467 7.37393623156
11.489191353082466 -1.85575848333 2.78235152317 -1.08240879892 7.32334081841
11.529223378702962 -1.74173537997 2.91511852772 -0.790494603184 7.25828161983
11.569255404323458 -1.6222886266 3.05340508271 -0.501474502108 7.17875239378
11.609287429943954 -1.49718672554 3.19773613746 -0.215927300737 7.08478594611
11.649319455564452 -1.36617776344 3.34859628895 0.0655710291597 6.97650000516
11.689351481184948 -1.22899213622 3.50637685454 0.342451683028 6.85414115009
11.729383506805444 -1.08534730014 3.67132443911 0.614158978126 6.7181247082
11.76941553242594 -0.934954562367 3.84349206329 0.880157825448 6.56906868754
11.809447558046438 -0.777527736758 4.02269495927 1.13994237542 6.40781872079
11.849479583666934 -0.61279344673 4.2084713745 1.39304543181 6.2354625488
11.88951160928743 -0.440502909619 4.40004959996 1.6390482247 6.05333181396
11.929543634907926 -0.260444902463 4.59632100672 1.87759000773 5.86299050557
11.969575660528422 -0.0724597015109 4.7958191119 2.10837683404 5.66620860684
12.00960768614892 0.123546344712 4.99670236534 2.33118924666 5.46492468162
12.049639711769416 0.327585372972 5.19674174881 2.54588785714 5.26119199117
12.089671737389912 0.539572309477 5.39330767718 2.75241671682 5.05711936253
12.129703763010408 0.75930858299 5.58335673812 2.95080436662 4.85480618872
12.169735788630904 0.986465291816 5.76341709335 3.14116221676 4.65627482859
12.209767814251402 1.22056565116 5.92957149578 3.32367977328 4.46340632515
12.249799839871898 1.46096684562 6.07744140619 3.49861795762 4.27788418508
12.289831865492394 1.70684157754 6.20217712485 3.66630100498 4.1011454866
12.32986389111289 1.95715872837 6.29845555633 3.82710455597 3.93434708834
12.369895916733388 2.2106652143 6.36051151917 3.98144463288 3.7783484446
12.409927942353884 2.46586862798 6.38218059521 4.12976581513 3.6336957618
12.44995996797438 2.72102424962 6.35703322417 4.27252800592 3.50064153783
12.489991993594876 2.97412704441 6.27852615878 4.41019574634 3.37914700176
12.530024019215372 3.22291190243 6.14025750763 4.54322656241 3.2689073998
12.57005604483587 3.46486554755 5.93629395688 4.67206078238 3.16937522537
12.610088070456365 3.69725297752 5.66157441336 4.79711236023 3.07978161548
12.650120096076861 3.91716173579 5.31238182675 4.91876033838 2.99915434161
12.690152121697357 4.12156615539 4.88684249017 5.03734100463 2.92633008076
12.730184147317853 4.30741047499 4.38540819547 5.1531403794 2.85996200035
12.770216172938351 4.47171045652 3.81126924938 5.26638696811 2.79852398587
12.810248198558847 4.61166857953 3.17064695812 5.37724464964 2.74031375067
12.850280224179343 4.72480075556 2.47283802896 5.4858057206 2.68345789043
12.89031224979984 4.80905338461 1.73009643549 5.59208413771 2.62592030838
12.930344275420337 4.86291614432 0.95720490144 5.69600927945 2.565510917
12.970376301040833 4.88551097708 0.170850315941 5.79741988808 2.49989280485
13.010408326661329 4.8766526421 -0.611184328574 5.89605824459 2.42658225209
13.050440352281825 4.83687488996 -1.37091964976 5.99156407293 2.34293716565
13.090472377902321 4.76742026137 -2.09105945825 6.08346778462 2.24613286539
13.130504403522819 4.67019664749 -2.75577329612 6.17118251916 2.13312982725
13.170536429143315 4.54770597337 -3.35130669763 6.25399494224 2.00064475602
13.210568454763811 4.40295217126 -3.86638102311 6.33105521376 1.84514288438
13.250600480384307 4.23933753151 -4.29238700443 6.40136745289 1.66287355541
13.290632506004805 4.06055494304 -4.62340766458 6.46378286821 1.44997066335
13.3306645316253 3.87048167142 -4.8561261781 6.51699841221 1.20263314061
13.370696557245797 3.67307817259 -4.98967537481 6.55956453737 0.917394587015
13.410728582866293 3.47229319216 -5.02548874134 6.58990535081 0.591468609766
13.450760608486789 3.27197403239 -4.96718205685 6.60635351135 0.223144546451
13.490792634107287 3.07578106705 -4.82046805769 6.60720157123 -0.187807095371
13.530824659727783 2.88710513198 -4.59308573958 6.5907685616 -0.639782463239
13.570856685348279 2.70898822307 -4.29470415228 6.55547870313 -1.12910235303
13.610888710968775 2.54404934587 -3.93674930141 6.49994651933 -1.6499424056
13.65092073658927 2.3944195552 -3.53211132205 6.42306070535 -2.19447397942
13.690952762209768 2.26169164186 -3.09470932765 6.32405774139 -2.75322671349
13.730984787830264 2.14688983447 -2.63892428587 6.2025770931 -3.31564482928
13.77101681345076 2.05046433019 -2.17893990541 6.05869109827 -3.87078033987
13.811048839071256 1.972312895 -1.72806238976 5.89290580368 -4.40803330859
13.851080864691754 1.91182895876 -1.29809309233 5.70613265355 -4.91785219258
13.89111289031225 1.86797166319 -0.898836249086 5.49963528273 -5.3922985828
13.931144915932746 1.83935342698 -0.537800510623 5.2749558263 -5.8254130972
13.971176941553242 1.82433397299 -0.220094483978 5.03383249629 -6.21337765149
14.011208967173738 1.82111504212 0.0514635064229 4.77811419815 -6.55445142388
14.051240992794236 1.82782720487 0.276079338468 4.50968154007 -6.84874020963
14.091273018414732 1.84260332015 0.454598939218 4.23037992637 -7.09783761995
14.131305044035228 1.86363501773 0.589068853344 3.94196879294 -7.30440292237
14.171337069655724 1.88921496461 0.682285849871 3.64608456414 -7.47172278527
14.21136909527622 1.9177530744 0.737386193513 3.34422911443 -7.60330510445
14.251401120896718 1.94778632127 0.757489132444 3.03776469946 -7.70252617611
14.291433146517214 1.97797165202 0.745417198488 2.72792560837 -7.7723510114
14.33146517213771 2.00706938389 0.703495411346 2.4158393716 -7.81513068003
14.371497197758206 2.0339210236 0.633428783239 2.10255367061 -7.83247697753
14.411529223378704 2.05742280255 0.536252725156 1.78906763999 -7.8252089684
14.4515612489992 2.07649921099 0.41234901378 1.47636334776 -7.79336504775
14.491593274619696 2.09007811687 0.261522049083 1.16543583127 -7.73627583939
14.531625300240192 2.09707006713 0.0831284182812 0.857319056461 -7.65269210485
14.571657325860688 2.09635372886 -0.123746967848 0.553105747505 -7.54096241691
14.611689351481186 2.08676929222 -0.360075672036 0.253959093515 -7.39925504812
14.651721377101682 2.06712090191 -0.626644317043 -0.0388849739498 -7.22581315023
14.691753402722178 2.03618914651 -0.923800578959 -0.324126291126 -7.01923184864
14.731785428342674 1.99275368046 -1.25120702622 -0.600420249523 -6.77873851125
14.77181745396317 1.93562483552 -1.60762781224 -0.86640816356 -6.50445143513
14.811849479583667 1.86368342033 -1.99076836574 -1.12075786063 -6.19759727697
14.851881505204164 1.77592453888 -2.39720180464 -1.36221077172 -5.86064871896
14.89191353082466 1.67150294908 -2.82239124035 -1.58963320856 -5.4973697522
14.931945556445156 1.54977532469 -3.26081661096 -1.80206710153 -5.11275166564
14.971977582065653 1.4103354371 -3.70620517127 -1.99877603601 -4.71283149279
15.01200960768615 1.25303799513 -4.1518444491 -2.17928154766 -4.30440428046
15.052041633306645 1.07800945878 -4.59092707148 -2.34338647389 -3.894671505
15.092073658927141 0.885644884062 -5.01690430661 -2.49118356173 -3.49084172635
15.132105684547637 0.676590967263 -5.42379138168 -2.62304755653 -3.099737795
15.172137710168135 0.451718870704 -5.80638981128 -2.73961272961 -2.72744748065
15.212169735788631 0.212090066437 -6.16039516763 -2.84173764434 -2.37905443438
15.252201761409127 -0.0410794881288 -6.48238323546 -2.93046126978 -2.05846658354
15.292233787029623 -0.306452352583 -6.76967690643 -3.00695421354 -1.7683513172
15.33226581265012 -0.582595122855 -7.02011382307 -3.07246947811 -1.51017078497
15.372297838270617 -0.867993171033 -7.23174410291 -3.12829635213 -1.28430142388
15.412329863891113 -1.16105246711 -7.40249383109 -3.17572041152 -1.09021528484
15.452361889511609 -1.46008786965 -7.52983208357 -3.21599160617 -0.926698526466
15.492393915132105 -1.76329875142 -7.6104785895 -3.25030143295 -0.792083394097
15.532425940752603 -2.06873451969 -7.64019170462 -3.27976931795 -0.684469987451
15.572457966373099 -2.37425351596 -7.61366150005 -3.30543731274 -0.60192572031
15.612489991993595 -2.67748054987 -7.52455126522 -3.32827214499 -0.542640076633
15.652522017614091 -2.97576938363 -7.36570560614 -3.34917232625 -0.50502894163
15.692554043234587 -3.26617725322 -7.12954876666 -3.36897831477 -0.487777439453
15.732586068855085 -3.54545934331 -6.80867708227 -3.38848303732 -0.489817946318
15.77261809447558 -3.81009043911 -6.39663087533 -3.40844031937 -0.510244068314
15.812650120096077 -4.0563204417 -5.88880070118 -3.4295687013 -0.54816918461
15.852682145716573 -4.28026799425 -5.28338697093 -3.4525486221 -0.602547510947
15.89271417133707 -4.47805110381 -4.58229257002 -3.47801229116 -0.671986821854
15.932746196957567 -4.64595017007 -3.79182346592 -3.50652645994 -0.754584087295
15.972778222578063 -4.78059266606 -2.92303864788 -3.53856966065 -0.847824409031
16.01281024819856 -4.87914304547 -1.99164132583 -3.57450715324 -0.948571574899
16.052842273819056 -4.93947765211 -1.01734557532 -3.61456766779 -1.05316644158
16.09287429943955 -4.96032439578 -0.0227618680536 -3.65882610826 -1.15762145114
16.13290632506005 -4.9413498589 0.968095369445 -3.70719547128 -1.25788193887
16.172938350680546 -4.88318232776 1.93147041854 -3.75942971624 -1.35010038191
16.21297037630104 -4.78736878367 2.84547375815 -3.81513690862 -1.43086788825
16.253002401921538 -4.6562723295 3.69140987058 -3.87379992945 -1.4973526578
16.293034427542032 -4.49292486469 4.45466655191 -3.93480036404 -1.54731806525
16.33306645316253 -4.30085441678 5.12509017563 -3.99744061967 -1.57901908083
16.373098478783028 -4.08390757474 5.69686493929 -4.06095983963 -1.59100160244
16.413130504403522 -3.84608502529 6.16799022177 -4.12454060438 -1.58184709462
16.45316253002402 -3.59140405557 6.53948655816 -4.18730503041 -1.54991140716
16.493194555644514 -3.32379578676 6.81448656856 -4.24830112998 -1.49310679996
16.533226581265012 -3.04703879191 6.99734770285 -4.30648200805 -1.40876635778
16.57325860688551 -2.76472538729 7.09289017319 -4.36068178168 -1.29361553787
16.613290632506004 -2.48025555584 7.10583712697 -4.40959271366 -1.14387056404
16.653322658126502 -2.19684793602 7.04049207225 -4.45174891927 -0.955462573591
16.693354683746996 -1.91755898962 6.90066227473 -4.4855214898 -0.724381301587
16.733386709367494 -1.64530055921 6.68980676751 -4.50912937863 -0.447115630734
16.77341873498799 -1.3828477143 6.41136752297 -4.52066928412 -0.121156641633
16.813450760608486 -1.13283079458 6.06922153981 -4.51816605261 0.254485851034
16.853482786228984 -0.89770777879 5.66817351795 -4.49964343588 0.678818123029
16.893514811849478 -0.679718233402 5.21439608014 -4.46321062025 1.14851796855
16.933546837469976 -0.480821867065 4.715732641 -4.40715945092 1.65777718178
16.973578863090474 -0.302629199577 4.18178217724 -4.3300629153 2.19838799421
17.013610888710968 -0.146333657357 3.62373044823 -4.23086545197 2.76008710892
17.053642914331466 -0.0126560650036 3.05390733207 -4.10895373264 3.33115810328
17.09367493995196 0.0981887175753 2.48514328947 -3.96419982728 3.89920542834
17.133706965572458 0.1864966863 1.92999394087 -3.79697120735 4.45202395107
17.173738991192955 0.253047712091 1.39995359162 -3.60810585594 4.97844267503
17.21377101681345 0.299048828311 0.904771966187 -3.39885604382 5.46903367211
17.253803042433947 0.326054025277 0.451968072997 -3.17080807837 5.91660147919
17.293835068054445 0.33586915234 0.0465879432347 -2.92578728488 6.3164154209
17.33386709367494 0.330452432808 -0.308778749612 -2.66575913767 6.66617890437
17.373899119295437 0.311820266073 -0.613759196087 -2.39273621437 6.96577750963
17.41393114491593 0.281966144572 -0.869792266649 -2.10869867152 7.21686625077
17.45396317053643 0.242797992734 -1.07962642621 -1.8155333323 7.42236556462
17.493995196156927 0.196096413153 -1.24678753252 -1.51499365661 7.58593192742
17.53402722177742 0.143493843019 -1.37506972405 -1.20868044205 7.71145467662
17.57405924739792 0.0864730826052 -1.46808617577 -0.898041625561 7.80261409919
17.614091273018413 0.0263822012388 -1.52890160203 -0.584388166992 7.8625211562
17.65412329863891 -0.0355376615001 -1.55975555504 -0.268922559241 7.89344679129
17.69415532425941 -0.0981152790379 -1.56187738402 0.0472236493152 7.89664101267
17.734187349879903 -0.160206677352 -1.53539068455 0.362946809998 7.87223919435
17.7742193755004 -0.220650414442 -1.47930508793 0.67712609399 7.81925325992
17.814251401120895 -0.278224305708 -1.3915950554 0.98857978357 7.73564740042
17.854283426741393 -0.331606934901 -1.26936728898 1.29602618211 7.61850008036
17.89431545236189 -0.379347792788 -1.10911923797 1.5980528918 7.46425520086
17.934347477982385 -0.419849795733 -0.90708824494 1.89309814413 7.26906269166
17.974379503602883 -0.451367090939 -0.65968406552 2.1794470801 7.02920242905
18.014411529223377 -0.472021728775 -0.363986543559 2.45524657221 6.74157492033
18.054443554843875 -0.479841119093 -0.0182741400124 2.71854061955 6.4042265402
18.094475580464373 -0.472816250168 0.377469206604 2.96732648699 6.01685881893
18.134507606084867 -0.448978962572 0.821126276404 3.19963012183 5.58126570888
18.174539631705365 -0.406493439293 1.30817386865 3.41359632026 5.10162280363
18.21457165732586 -0.343754477793 1.83162301114 3.60758643623 4.58456801404
18.254603682946357 -0.259483240163 2.38221039442 3.78027440207 4.03902978731
18.294635708566855 -0.152810297714 2.94884205741 3.93073067137 3.47579331912
18.33466773418735 -0.0233363629808 3.51924543597 4.05848387202 2.90683800039
18.374699759807847 0.128835814911 4.08074427454 4.16355262186 2.34452157231
18.414731785428344 0.303101183045 4.6210451655 4.24644333964 1.80071486549
18.45476381104884 0.498381966921 5.1289199616 4.30811426152 1.28600081601
18.494795836669336 0.713180590676 5.59468712884 4.34991061232 0.809039881308
18.53482786228983 0.94564707916 6.0104385839 4.37347868937 0.376166880285
18.57485988791033 1.19365018352 6.37000117208 4.38066901904 -0.00875224082552
18.614891913530826 1.45484204949 6.66866415059 4.37343884668 -0.344213827859
18.65492393915132 1.72670844711 6.90274679338 4.35376316882 -0.630771868656
18.694955964771818 2.00659994796 7.06909130014 4.32356084498 -0.870598636402
18.734987990392312 2.29174289379 7.16456890259 4.28463972485 -1.06697907406
18.77502001601281 2.57923215851 7.18568220204 4.23866231382 -1.22380307322
18.815052041633308 2.86601094079 7.12833283599 4.1871311486 -1.34510839474
18.855084067253802 3.14884560371 6.98779979428 4.13139047415 -1.43471120386
18.8951160928743 3.42430429789 6.75896008204 4.072640695 -1.49594881613
18.935148118494794 3.68874943906 6.43675706283 4.01196063871 -1.53154716692
18.975180144115292 3.93835365898 6.01689470452 3.95033256106 -1.54361416841
19.01521216973579 4.16914694711 5.49670215648 3.88866505922 -1.53374797633
19.055244195356284 4.37710029313 4.87608313431 3.82780980844 -1.50324035547
19.095276220976782 4.55824899803 4.15842888187 3.76856833053 -1.45334502143
19.135308246597276 4.70884512017 3.35132012547 3.71168822844 -1.38554818333
19.175340272217774 4.82553556623 2.46691015376 3.65784867713 -1.3018165966
19.21537229783827 4.90554439605 1.52182708158 3.60763776862 -1.20475250524
19.255404323458766 4.9468413796 0.536546969037 3.5615258524 -1.09762938227
19.295436349079264 4.9482749017 -0.465738647985 3.51984020855 -0.984294460761
19.33546837469976 4.90965113377 -1.46064280184 3.48274605307 -0.868954473592
19.375500400320256 4.8317479875 -2.42428884634 3.45023774899 -0.755888422845
19.415532425940754 4.71626109741 -3.33496531112 3.42214197421 -0.649146026709
19.455564451561248 4.56568842086 -4.1744976436 3.39813224644 -0.552293091611
19.495596477181746 4.38316844398 -4.92916734861 3.3777519064 -0.468250349091
19.535628502802243 4.17229239227 -5.59009525059 3.36044119715 -0.399248877765
19.575660528422738 3.93691087926 -6.15314085581 3.34556410186 -0.346890159602
19.615692554043235 3.68095489987 -6.61829954694 3.33243038713 -0.312308993686
19.65572457966373 3.40828559463 -6.98891922802 3.32031069125 -0.296362032223
19.695756605284227 3.12257969224 -7.27070488109 3.30844327997 -0.299841401974
19.735788630904725 2.82725443582 -7.47075271165 3.29603294334 -0.323655507281
19.77582065652522 2.52542988906 -7.59668116544 3.28224349919 -0.368959812738
19.815852682145717 2.21992281538 -7.65592573074 3.26618632977 -0.437222722099
19.85588470776621 1.91326476408 -7.65523103536 3.24690774493 -0.530220662257
19.89591673338671 1.60773657695 -7.60034321804 3.22337789512 -0.649964160706
19.935948759007207 1.30541134112 -7.4958901221 3.19448394553 -0.798561071186
19.9759807846277 1.00819877155 -7.34542535454 3.15902982037 -0.978026923559
20.0160128102482 0.717885040268 -7.15160664632 3.11574438442 -1.19005564316
20.056044835868693 0.436163315011 -6.91647463614 3.06329931447 -1.43576788801
20.09607686148919 0.164651779795 -6.64179678883 3.00033713858 -1.71545756906
20.13610888710969 -0.0951028805989 -6.32943646113 2.92550909469 -2.02836226238
20.176140912730183 -0.341636245394 -5.98170711657 2.83752107361 -2.37248330245
20.21617293835068 -0.573590920052 -5.60166933767 2.73518571374 -2.74448709983
20.256204963971175 -0.789750434739 -5.19333446191 2.61747592009 -3.13970530389
20.296236989591673 -0.989079497999 -4.76174578257 2.48357643399 -3.55225265759
20.33626901521217 -1.17076467475 -4.31292212673 2.33292821885 -3.97526215587
20.376301040832665 -1.33424991879 -3.85366727481 2.1652612301 -4.40122218424
20.416333066453163 -1.47926258067 -3.39126466846 1.98061242805 -4.8223889919
20.45636509207366 -1.60582480956 -2.93309989146 1.77932596375 -5.23122587762
20.496397117694155 -1.71424973873 -2.48625686665 1.56203643741 -5.62082666875
20.536429143314653 -1.80512164964 -2.05714098287 1.32963614778 -5.9852745426
20.576461168935147 -1.8792623938 -1.65117445643 1.08322992451 -6.31990009156
20.616493194555645 -1.93768768199 -1.2725961779 0.824082088403 -6.62141704816
20.656525220176142 -1.98155766104 -0.92438136357 0.553560461843 -6.88793077434
20.696557245796637 -2.01212672373 -0.608278756148 0.273082479782 -7.1188306963
20.736589271417134 -2.03069679533 -0.32494965648 -0.0159325334918 -7.31458885119
20.77662129703763 -2.03857829416 -0.0741798594591 -0.312101195886 -7.47649790342
20.816653322658127 -2.0370595864 0.144856296193 -0.614103586833 -7.60636879595
20.856685348278624 -2.02738851686 0.333318402231 -0.920697469926 -7.70622909911
20.89671737389912 -2.01076440602 0.492424749017 -1.23072127357 -7.77803362014
20.936749399519616 -1.98834084016 0.623203584308 -1.54308591042 -7.82341019295
20.97678142514011 -1.96123762849 0.726282589629 -1.8567573361 -7.84344961184
21.01681345076061 -1.9305601934 0.801726235917 -2.17073178196 -7.83854717781
21.056845476381106 -1.89742471516 0.848926727608 -2.48400537946 -7.80829987704
21.0968775020016 -1.86298591903 0.866559264878 -2.79554153222 -7.75146839554
21.136909527622098 -1.82846570054 0.852602152606 -3.1042376123 -7.66600374734
21.176941553242592 -1.79517941699 0.804429777522 -3.40889427245 -7.54914585329
21.21697357886309 -1.7645569568 0.718985790446 -3.70819017784 -7.39760090036
21.257005604483588 -1.73815491806 0.593041220777 -4.00066576539 -7.20780170768
21.297037630104082 -1.71765721232 0.423526990695 -4.28471859856 -6.97623999458
21.33706965572458 -1.70486077639 0.207940695841 -4.55861355874 -6.6998696246
21.377101681345078 -1.70164383722 -0.0552003829033 -4.82051025717 -6.37655160837
21.417133706965572 -1.70991576249 -0.365895846859 -5.06850841298 -6.00550350954
21.45716573258607 -1.73154902411 -0.72223579475 -5.30071042755 -5.5877043731
21.497197758206564 -1.76829566571 -1.12006945867 -5.51529840473 -5.12619514031
21.537229783827062 -1.82169341217 -1.55282510908 -5.71062007268 -4.62621679021
21.57726180944756 -1.89296833363 -2.01152381351 -5.88527625263 -4.09514258454
21.617293835068054 -1.98294238663 -2.48501411511 -6.03820099708 -3.54217702459
21.65732586068855 -2.09195459967 -2.96040720894 -6.16872526117 -2.97784462963
21.697357886309046 -2.21980300092 -3.42367324425 -6.27661665028 -2.41331236867
21.737389911929544 -2.36571251594 -3.86032468326 -6.36208997079 -1.85962883534
21.77742193755004 -2.52833044344 -4.25610137321 -6.42578740828 -1.32697831026
21.817453963170536 -2.70574825491 -4.59758340231 -6.46873048172 -0.824039530591
21.857485988791034 -2.8955449054 -4.87266372369 -6.49225045848 -0.357538222949
21.897518014411528 -3.09484691708 -5.07087537873 -6.49790424625 0.0679840670577
21.937550040032026 -3.30039785139 -5.18357782443 -6.48738651704 0.450173079659
21.977582065652523 -3.50863349298 -5.20404434624 -6.46244537965 0.78866751544
22.017614091273018 -3.71575942706 -5.1275075786 -6.42480896967 1.08476493248
22.057646116893515 -3.9178304588 -4.95121446824 -6.37612695716 1.34101231907
22.09767814251401 -4.11083310562 -4.67452793482 -6.31792917152 1.56078337652
22.137710168134507 -4.29077326385 -4.29908424622 -6.25160031552 1.74789556943
22.177742193755005 -4.45377103694 -3.82898672675 -6.17836868935 1.9063012724
22.2177742193755 -4.5961633063 -3.27098784687 -6.09930548309 2.0398698195
22.257806244995997 -4.71461220299 -2.6345966412 -6.01533088065 2.15225783537
22.29783827061649 -4.80621555341 -1.93203907101 -5.9272240767 2.24686090783
22.33787029623699 -4.86861127492 -1.17801972134 -5.835633456 2.32681226579
22.377902321857487 -4.9000681255 -0.389252785059 -5.74108670177 2.39501754164
22.41793434747798 -4.89955309552 0.416227193268 -5.64399903046 2.4541964951
22.45796637309848 -4.86676730349 1.21992217268 -5.54467991989 2.50691665091
22.497998398718977 -4.80214605164 2.00381438952 -5.44333876681 2.55561279229
22.53803042433947 -4.70682075157 2.75128947567 -5.3400900883 2.60258957963
22.57806244995997 -4.58254620941 3.44793727745 -5.234958871 2.65001325651
22.618094475580463 -4.43159959673 4.08214703281 -5.12788636954 2.69989845875
22.65812650120096 -4.25666071016 4.64544533957 -5.01873642958 2.75409648469
22.69815852682146 -4.06068423518 5.13256834967 -4.90730218558 2.8142881887
22.738190552441953 -3.84677373851 5.5412968083 -4.79331293844 2.88198144216
22.77822257806245 -3.61806627731 5.8721041478 -4.67644109135 2.95851088009
22.818254603682945 -3.3776338137 6.12768435469 -4.55630910883 3.045036339
22.858286629303443 -3.12840474497 6.31242805894 -4.43249661891 3.14253640477
22.89831865492394 -2.87310642948 6.43190466924 -4.30454791606 3.25179492065
22.938350680544435 -2.61422761875 6.49239376866 -4.17198014917 3.3733802263
22.978382706164933 -2.35399815502 6.50049216677 -4.03429246222 3.50761883909
23.018414731785427 -2.09438269354 6.46280809191 -3.89097624665 3.65456676105
23.058446757405925 -1.83708492076 6.38574143163 -3.74152652413 3.81398257103
23.098478783026422 -1.58355899458 6.27534045122 -3.58545429422 3.98530671063
23.138510808646917 -1.33502542674 6.13722080744 -3.42229951996 4.16765100624
23.178542834267414 -1.09248921986 5.97653086355 -3.25164427356 4.35980160177
23.21857485988791 -0.856758737812 5.79794805658 -3.0731254601 4.56023720113
23.258606885508406 -0.628464335219 5.60569316051 -2.88644649607 4.76716306712
23.298638911128904 -0.408076081708 5.40355149762 -2.69138733347 4.97856020786
23.3386709367494 -0.195920929203 5.19489552419 -2.48781221897 5.19224615837
23.378702962369896 0.00780123918264 4.98270374601 -2.27567490324 5.40594484591
23.41873498799039 0.203002141423 4.76957413014 -2.05502088902 5.61736080937
23.45876701361089 0.389690025964 4.55773373012 -1.82598670291 5.82425256102
23.498799039231386 0.567955006638 4.34904623267 -1.58879639841 6.02450066282
23.53883106485188 0.737954650103 4.14501928705 -1.34375543091 6.21616647006
23.578863090472378 0.899899914135 3.94681501784 -1.09124244681 6.39753789416
23.618895116092876 1.05404161917 3.75526605939 -0.831699558762 6.56716008807
23.65892714171337 1.20065769287 3.57089831287 -0.565621701925 6.72385045075
23.698959167333868 1.34004147243 3.39396137044 -0.293545692697 6.86669771156
23.738991192954362 1.47249138551 3.22446667879 -0.0160396327377 6.99504660035
23.77902321857486 1.59830229127 3.06223266159 0.266306820343 7.10846977602
23.819055244195358 1.71775874769 2.90693522229 0.552890849244 7.20672997695
23.859087269815852 1.83113038705 2.75816213123 0.843103198417 7.28973470908
23.89911929543635 1.93866953863 2.61546949106 1.13633296372 7.35748611996
23.939151321056844 2.04061104648 2.47843802872 1.43197038341 7.4100289459
23.979183346677342 2.13717436632 2.34672633899 1.72940743583 7.44739953495
24.01921537229784 2.22856771148 2.2201227532 2.02803655736 7.46957477055
24.059247397918334 2.31499419091 2.09858997155 2.32724729008 7.47642640057
24.09927942353883 2.39665948524 1.98230202608 2.62642129008 7.46768119563
24.139311449159326 2.47378072381 1.87167240432 2.92492598008 7.44288788331
24.179343474779824 2.54659742103 1.76737533843 3.22210623618 7.40138801803
24.21937550040032 2.61538075374 1.67034237561 3.51727659653 7.34230961146
24.259407526020816 2.68044434735 1.58175432275 3.80971225411 7.26456176955
24.299439551641314 2.74215359899 1.50300990607 4.09864056178 7.16684974878
24.339471577261808 2.80093345523 1.43567523635 4.3832334565 7.04770641837
24.379503602882306 2.85727373221 1.38141096008 4.66260150975 6.9055431823
24.419535628502803 2.91173104436 1.34187632695 4.93579043626 6.73872168698
24.459567654123298 2.96492654864 1.3186114087 5.20178081002 6.54564585249
24.499599679743795 3.01753828209 1.31289815772 5.45949207832 6.32487420462
24.539631705364293 3.07028808392 1.32560812836 5.70779101438 6.07524587268
24.579663730984787 3.12392204086 1.35704411471 5.94550561301 5.79601438159
24.619695756605285 3.17918314663 1.4067750978 6.17144547335 5.48698993262
24.65972778222578 3.23678152475 1.47351705106 6.38442466974 5.14864252445
24.699759807846277 3.2973562118 1.55501247576 6.58329152845 4.78220963737
24.739791833466775 3.36143566149 1.64798131993 6.76695999476 4.38974227691
24.77982385908727 3.42939647071 1.74812564901 6.93444256771 3.97410704515
24.819855884707767 3.50142411047 1.85020829471 7.08488185113 3.53892697058
24.85988791032826 3.57747760339 1.94819538152 7.21757907615 3.08847166204
24.89991993594876 3.65726233013 2.03550045391 7.33201637719 2.62746840034
24.939951961569257 3.74021375134 2.10524550851 7.42787066235 2.16090975079
24.97998398718975 3.82549127472 2.15060102309 7.50502035685 1.69380774233
25.02001601281025 3.91198783644 2.16512337144 7.56354083921 1.23096728701
25.060048038430743 3.99835170164 2.14310056811 7.60369223352 0.776771841603
25.10008006405124 4.08302254836 2.07986335239 7.62589868668 0.335013919538
25.14011208967174 4.16427843486 1.97205128951 7.63072232204 -0.0912239284026
25.180144115292233 4.24029260927 1.8178123427 7.61883331777 -0.499629172865
25.22017614091273 4.3091965413 1.61692713394 7.59097887575 -0.888663594572
25.260208166533225 4.36914645128 1.37085042927 7.54795293997 -1.25751886438
25.300240192153723 4.41838976787 1.08266862978 7.49056850717 -1.60603508098
25.34027221777422 4.45532813012 0.756976032894 7.41963374655 -1.93459619041
25.380304243394715 4.47857409763 0.399676674308 7.33593249164 -2.2440137928
25.420336269015213 4.48699848982 0.0177222296525 7.24020947775 -2.5354112449
25.460368294635707 4.47976636963 -0.381198206756 7.13316001757 -2.81011565721
25.500400320256205 4.45635963069 -0.788999984618 7.01542384692 -3.06956321172
25.540432345876702 4.41658587053 -1.19755391362 6.88758237507 -3.31521969704
25.580464371497197 4.36057336117 -1.59902502007 6.75015881743 -3.54851697919
25.620496397117694 4.28875284006 -1.98618116366 6.60362060211 -3.77080381451
25.660528422738192 4.20182808984 -2.3526483295 6.44838345014 -3.98331005441
25.700560448358686 4.10073786626 -2.69310391473 6.28481661953 -4.18712154744
25.740592473979184 3.98661027298 -3.0034037446 6.1132491283 -4.38316375318
25.78062449959968 3.86071502286 -3.28063024565 5.93397627268 -4.57219386839
25.820656525220176 3.72441430572 -3.52307967721 5.7472664293 -4.75479873342
25.860688550840674 3.57911500955 -3.73019020992 5.55336788826 -4.93139839461
25.90072057646117 3.426225828 -3.90242584807 5.35251528858 -5.10225453612
25.940752602081666 3.26711842765 -4.0411271195 5.14493582361 -5.26748322644
25.98078462770216 3.10309723992 -4.14835561593 4.93085446548 -5.42707008426
26.020816653322658 2.93537057713 -4.22670686443 4.71049939882 -5.58089067316
26.060848678943156 2.76503609546 -4.27916073406 4.48410544774 -5.72873037024
26.10088070456365 2.59306682003 -4.30892397327 4.25191752544 -5.87030671842
26.140912730184148 2.42030519069 -4.31929738857 4.01419280643 -6.00529131824
26.180944755804642 2.24746153212 -4.31356332658 3.77120218294 -6.13333114026
26.22097678142514 2.07511668027 -4.29489518273 3.523230842 -6.25406787321
26.261008807045638 1.9037271452 -4.26628470965 3.2705782656 -6.36715502028
26.301040832666132 1.7336355882 -4.23050336123 3.01355708361 -6.47227111604
26.34107285828663 1.56507765974 -4.1900598704 2.75249230137 -6.56912983536
26.381104883907124 1.39819435597 -4.14718921082 2.48771950416 -6.65748646807
26.421136909527622 1.23304286189 -4.10384706909 2.21958317088 -6.73714073007
26.46116893514812 1.06960739382 -4.0617147384 1.9484349788 -6.80793649275
26.501200960768614 0.907810245688 -4.02221136083 1.67463199478 -6.86975860217
26.54123298638911 0.747521947474 -3.98651024758 1.39853512677 -6.92252757744
26.58126501200961 0.588570613922 -3.95555655625 1.12050789348 -6.96619321334
26.621297037630104 0.430750798049 -3.9300859657 0.840915345226 -7.00072742757
26.6613290632506 0.273831508274 -3.91064244559 0.56012332879 -7.02611700005
26.701361088871096 0.11756353882 -3.8975931905 0.278498042401 -7.04235712389
26.741393114491594 -0.0383136658813 -3.89114021008 -0.00359420768532 -7.04944625994
26.78142514011209 -0.194065590635 -3.89132845872 -0.285787049574 -7.04738232836
26.821457165732586 -0.349956425328 -3.89804924562 -0.567713991825 -7.03616096484
26.861489191353083 -0.506242935715 -3.91103951887 -0.849008316808 -7.0157755545
26.901521216973578 -0.663168170941 -3.92987666071 -1.12930302914 -6.98621930212
26.941553242594075 -0.820954918243 -3.95396948881 -1.40823091808 -6.94748896539
26.981585268214573 -0.979798801455 -3.98254606982 -1.68542479478 -6.8995899501
27.021617293835067 -1.1398605411 -4.01463871383 -1.96051797225 -6.84254252933
27.061649319455565 -1.30125763579 -4.04906795012 -2.2331450271 -6.77638836241
27.10168134507606 -1.46405749155 -4.0844304412 -2.50294254182 -6.70119533363
27.141713370696557 -1.62826462923 -4.11907864005 -2.76955064606 -6.61706558133
27.181745396317055 -1.79381311662 -4.15111696305 -3.03261422164 -6.52413692067
27.22177742193755 -1.96055652017 -4.17839715899 -3.29178439831 -6.42258485443
27.261809447558047 -2.12825723992 -4.19852512528 -3.54672010622 -6.312620967
27.30184147317854 -2.29657727794 -4.20887867139 -3.7970893534 -6.19448840835
27.34187349879904 -2.46506940272 -4.20663619769 -4.04257043061 -6.06845458284
27.381905524419537 -2.63317040833 -4.18883021117 -4.28285259454 -5.93479860507
27.42193755004003 -2.80019656167 -4.15241175647 -4.51763626148 -5.79379774323
27.46196957566053 -2.96534123713 -4.09433329524 -4.74663275191 -5.64571064161
27.502001601281023 -3.12767822978 -4.01166314372 -4.96956291663 -5.49075718125
27.54203362690152 -3.28616770994 -3.90170344031 -5.18615543057 -5.32909950545
27.58206565252202 -3.43966985396 -3.76213894244 -5.39614377853 -5.16082061377
27.622097678142513 -3.58696136805 -3.59117930739 -5.59926300983 -4.98590562015
27.66212970376301 -3.72676088235 -3.38771961793 -5.79524523323 -4.80422330777
27.70216172938351 -3.85775886782 -3.15148470808 -5.98381474503 -4.61551110831
27.742193755004003 -3.97865355736 -2.88315941425 -6.16468249781 -4.41936299915
27.7822257806245 -4.08819149697 -2.58448859149 -6.33754018102 -4.21522173901
27.822257806244995 -4.18521126912 -2.25833724529 -6.50205409971 -4.00237595776
27.862289831865493 -4.26868903478 -1.90868460468 -6.65785902932 -3.77996444765
27.90232185748599 -4.33778151248 -1.54057688184 -6.80455242605 -3.5469854265
27.942353883106485 -4.39186692115 -1.16000082949 -6.94168912419 -3.30231540798
27.982385908726982 -4.43057908172 -0.773700956136 -7.06877698178 -3.0447369439
28.022417934347477 -4.45383275733 -0.38893428558 -7.18527391381 -2.77297863809
28.062449959967974 -4.46183895716 -0.0131885532625 -7.29058668083 -2.48576648011
28.102481985588472 -4.45510780313 0.346133728129 -7.38407206724 -2.18188988708
28.142514011208966 -4.43443867358 0.682037953772 -7.46504096688 -1.8602812976
28.182546036829464 -4.40089753977 0.988250130111 -7.53276591833 -1.52010847643
28.22257806244996 -4.35578230099 1.25949937135 -7.58649254611 -1.16087605718
28.262610088070456 -4.30057776306 1.49175362278 -7.62545513815 -0.782530514408
28.302642113690954 -4.23690232697 1.68239446889 -7.64889636927 -0.385560450533
28.34267413931145 -4.16644906573 1.8303205185 -7.65609078234 0.0289181782727
28.382706164931946 -4.09092419033 1.93597375115 -7.64637118395 0.459103067032
28.42273819055244 -4.01198612593 2.00128370192 -7.61915671426 0.90248540296
28.462770216172938 -3.93118830488 2.02953917511 -7.57398074295 1.3558740298
28.502802241793436 -3.84992855946 2.02518730651 -7.5105168513 1.81547196853
28.54283426741393 -3.76940778131 1.99357673595 -7.42860067974 2.27700261313
28.582866293034428 -3.6905994369 1.94066143053 -7.32824600922 2.73587788833
28.622898318654922 -3.61423187148 1.87268297247 -7.20965319984 3.18739819641
28.66293034427542 -3.54078308031 1.7958566192 -7.07320945277 3.62696372866
28.702962369895918 -3.47048767486 1.71608143815 -6.9194806611 4.05027946056
28.742994395516412 -3.40335463275 1.63869303157 -6.7491954982 4.45353576034
28.78302642113691 -3.33919396847 1.56827710833 -6.56322294618 4.83354685693
28.823058446757408 -3.27764928224 1.50854456244 -6.36254544011 5.18784270215
28.863090472377902 -3.21823447338 1.46227671168 -6.14822901458 5.51470575727
28.9031224979984 -3.16036986094 1.43133257356 -5.92139420215 5.8131577141
28.943154523618894 -3.10341925701 1.41670861752 -5.68318647022 6.08290299351
28.98318654923939 -3.0467218638 1.41863904103 -5.43475117154 6.32423980935
29.02321857485989 -2.98962145242 1.43673071022 -5.17721106671 6.53794345539
29.063250600480384 -2.93148738873 1.47010054451 -4.91165059838 6.7251497346
29.10328262610088 -2.87173163946 1.51751974378 -4.63910364472 6.8872344907
29.143314651721376 -2.80982013762 1.57755402334 -4.3605459801 7.02569898551
29.183346677341873 -2.74527818042 1.64868350095 -4.07689248906 7.14207452502
29.22337870296237 -2.67769180358 1.72940848827 -3.78899756276 7.23784066775
29.263410728582866 -2.60670513031 1.81833289419 -3.49765853977 7.31436361981
29.303442754203363 -2.5320156867 1.9142333301 -3.20362060525 7.37284712901
29.343474779823858 -2.45336483242 2.01609277828 -2.90758517782 7.41431432407
29.383506805444355 -2.37053047563 2.12313398973 -2.61021625579 7.43958826269
29.423538831064853 -2.28331655432 2.23482518094 -2.31214895805 7.4492962157
29.463570856685347 -2.191543468 2.35087711293 -2.01399699673 7.44387999142
29.503602882305845 -2.095038715 2.47122522309 -1.71635968979 7.42361875837
29.54363490792634 -1.99362828827 2.59600228037 -1.41982798975 7.38865868288
29.583666933546837 -1.88712940552 2.72550257623 -1.12498911489 7.33904895103
29.623698959167335 -1.77534506918 2.86014025596 -0.83242951537 7.27478237174
29.66373098478783 -1.65806009189 3.00040144138 -0.54273631752 7.19584023079
29.703763010408327 -1.53503908236 3.14679185227 -0.256496951017 7.10224022575
29.743795036028825 -1.40602689098 3.29978503459 0.0257033534242 6.99408213693
29.78382706164932 -1.27075145183 3.45976957586 0.303286193291 6.8715932959
29.823859087269817 -1.12892704416 3.62699313004 0.575684950084 6.73517234535
29.86389111289031 -0.980262144842 3.80151617981 0.842353390113 6.58542303414
29.90392313851081 -0.824467069825 3.98316473465 1.10277381189 6.42318232756
29.943955164131307 -0.661264577688 4.17149179715 1.35646706959 6.24953584576
29.9839871897518 -0.490401323802 4.36574381467 1.60300250807 6.0658212023
30.0240192153723 -0.311660700467 4.56483416586 1.84200784561 5.87361687219
30.064051240992793 -0.124876652446 4.76732285909 2.07317852342 5.67471676347
30.10408326661329 0.0700519362156 4.97140079911 2.29628533126 5.47109046879
30.14411529223379 0.273146083804 5.17487811549 2.51118079285 5.26483121523
30.184147317854283 0.48433140487 5.37517236589 2.71780250515 5.05809440674
30.22417934347478 0.703422043762 5.56929643941 2.91617452854 4.85303112336
30.264211369095275 0.930104264157 5.75384501048 3.10640583431 4.65171718648
30.304243394715773 1.16391932736 5.92497602896 3.2886858098 4.45608959629
30.34427542033627 1.40424568737 6.07839474369 3.46327765921 4.26788561682
30.384307445956765 1.65028053879 6.20933738217 3.63050918726 4.08859331449
30.424339471577262 1.90102089171 6.31256871726 3.79076229548 3.9194182267
30.464371497197757 2.15524485623 6.38239566945 3.94446090133 3.76125909778
30.504403522818254 2.41149445519 6.4127213994 4.09205891841 3.61470325832
30.544435548438752 2.66806087189 6.39713519348 4.234027394 3.48002923751
30.584467574059246 2.92297496954 6.32907380403 4.37084267224 3.35722393122
30.624499599679744 3.17400553818 6.20205265437 4.50297507047 3.24600402806
30.66453162530024 3.41866859665 6.0099811446 4.63087857154 3.14584055642
30.704563650920736 3.6542505297 5.74755636606 4.75498144101 3.05598221809
30.744595676541234 3.87784791534 5.41072185166 4.87567768938 2.97547455852
30.78462770216173 4.08643016539 4.99719019067 4.99331947257 2.90317374799
30.824659727782226 4.2769177921 4.50692059469 5.10820938765 2.83775367175
30.864691753402724 4.44628233848 3.94256661208 5.22059333348 2.7777097364
30.904723779023218 4.59166108286 3.30978743001 5.33065347961 2.72136215401
30.944755804643716 4.71048011667 2.61736715777 5.43850131524 2.66686030923
30.98478783026421 4.80057861535 1.87711418554 5.54417093594 2.61218963394
31.024819855884708 4.86032326455 1.10349354708 5.64761267636 2.55518171256
31.064851881505206 4.88870327156 0.313023330221 5.74868714201 2.49352331454
31.1048839071257 4.88539735119 -0.476518220178 5.8471595043 2.42475942599
31.144915932746198 4.85080599649 -1.2469913736 5.9426937009 2.34628486332
31.184947958366692 4.78604803103 -1.98079787355 6.03484602621 2.25532237184
31.22497998398719 4.6929220665 -2.66169742855 6.12305761656 2.14888992526
31.265012009607688 4.57383859788 -3.2754569996 6.20664556491 2.02376714102
31.305044035228182 4.43173000097 -3.81028948639 6.28479292914 1.87647759148
31.34507606084868 4.26994742992 -4.25707779893 6.35653873095 1.70330915184
31.385108086469174 4.0921526426 -4.60941873173 6.42076987005 1.50039367331
31.42514011208967 3.90221065592 -4.86353173883 6.47621776856 1.26386711393
31.46517213771017 3.70408793859 -5.01810533541 6.52146327191 0.990116763788
31.505204163330664 3.5017567228 -5.07413768247 6.55495296868 0.676110248295
31.54523618895116 3.29910540733 -5.03480223304 6.57503014052 0.319787191511
31.585268214571656 3.09985337489 -4.90535663047 6.57998194366 -0.079529053126
31.625300240192153 2.90746887592 -4.69307788047 6.56810254594 -0.520755554703
31.66533226581265 2.72508967128 -4.407184489 6.53776959737 -1.00076841883
31.705364291433145 2.55544780598 -4.0586958243 6.48752899388 -1.51428177171
31.745396317053643 2.40080213183 -3.66018017518 6.41618049837 -2.05393068024
31.78542834267414 2.26288367184 -3.22536198361 6.32285556967 -2.61057797492
31.825460368294635 2.14285958692 -2.76858799161 6.20707863476 -3.17382875878
31.865492393915133 2.04132081596 -2.30418583969 6.06880444324 -3.73270049178
31.905524419535627 1.958296587 -1.84577810342 5.90842674211 -4.27636763278
31.945556445156125 1.8932958689 -1.40563186505 5.72675733268 -4.79488505122
31.985588470776623 1.8453729006 -0.994122969623 5.5249780336 -5.27979944589
32.02562049639712 1.81321074798 -0.61937626578 5.30457167861 -5.72457950817
32.065652522017615 1.79521512523 -0.287113271732 5.06724022214 -6.12482904828
32.10568454763811 1.7896103309 -0.000708972648328 4.81481849275 -6.47827946664
32.1457165732586 1.79452877537 0.238574819371 4.54919264576 -6.78459442333
32.1857485988791 1.80808876888 0.431229231507 4.27222903842 -7.04503746115
32.2257806244996 1.8284561395 0.579062475026 3.98571831604 -7.26205528077
32.2658126501201 1.85388801992 0.684746238103 3.6913367264 -7.43883655395
32.305844675740595 1.88275847442 0.751386039085 3.39062519629 -7.57888929598
32.34587670136109 1.91356819188 0.782146698937 3.08498414794 -7.68566953427
32.38590872698158 1.94494061862 0.779949799078 2.77568180631 -7.76227910708
32.42594075260208 1.97560736837 0.747252298711 2.46387326098 -7.81124249386
32.46597277822258 2.00438650715 0.685903001893 2.15062677165 -7.83436002964
32.506004803843076 2.03015685781 0.597074859272 1.83695414734 -7.83263602165
32.546036829463574 2.05183063316 0.481265033814 1.52384303314 -7.80627411509
32.586068855084065 2.0683272873 0.338358438268 1.21228817383 -7.75473637035
32.62610088070456 2.07855131491 0.167746853417 0.90331883715 -7.6768592713
32.66613290632506 2.08137568338 -0.031501160996 0.59802073052 -7.57102318578
32.70616493194556 2.07563308514 -0.260430124391 0.297549980892 -7.43536668636
32.746196957566056 2.06011617704 -0.519955193679 0.00313786351124 -7.26803983442
32.78622898318655 2.03358778752 -0.810604629291 -0.283915068957 -7.06748128951
32.826261008807045 1.99480179478 -1.13225941478 -0.562256448512 -6.83270949903
32.86629303442754 1.94253360672 -1.483925665 -0.830510736293 -6.56359255442
32.90632506004804 1.87561909332 -1.86355452904 -1.08731817985 -6.26108269193
32.94635708566854 1.79299904706 -2.26794010029 -1.33138165533 -5.927381848
32.98638911128903 1.69376600663 -2.69271817085 -1.56151860261 -5.56601151444
33.026421136909526 1.57720879614 -3.13247302136 -1.7767133566 -5.18177209525
33.066453162530024 1.44285070497 -3.58095101851 -1.97616557899 -4.78058429324
33.10648518815052 1.29047723737 -4.03136226754 -2.1593300766 -4.36922123684
33.14651721377102 1.12015068898 -4.47673675629 -2.32594421395 -3.95495573193
33.18654923939151 0.932209577792 -4.91029358477 -2.47603960809 -3.54515512245
33.22658126501201 0.727254451994 -5.32577019991 -2.60993783405 -3.14687570724
33.266613290632506 0.506121933673 -5.71767413037 -2.72823055757 -2.76649284067
33.306645316253004 0.269850528187 -6.08142494725 -2.83174591968 -2.40940389087
33.3466773418735 0.0196433530029 -6.41336991574 -2.92150505413 -2.07983052106
33.38670936749399 -0.243167189344 -6.71067444432 -2.99867290661 -1.78073056151
33.42674139311449 -0.517148122494 -6.97110499278 -3.06450766175 -1.51381512544
33.46677341873499 -0.800784241463 -7.19273285691 -3.1203127163 -1.27965624901
33.506805444355486 -1.09248359447 -7.3735945625 -3.16739442219 -1.07786282258
33.54683746997598 -1.39056915465 -7.51134698804 -3.20702779644 -0.907299792156
33.586869495596474 -1.69325720552 -7.60295655439 -3.24043148416 -0.766325040518
33.62690152121697 -1.9986246056 -7.644458639 -3.26875214887 -0.653021863244
33.66693354683747 -2.30456839775 -7.63082239681 -3.2930577679 -0.565407657032
33.70696557245797 -2.60876266731 -7.5559531372 -3.31433853598 -0.501603288389
33.746997598078465 -2.90861872634 -7.41286064254 -3.33351355419 -0.459950856453
33.787029623698956 -3.20125573333 -7.19401494774 -3.35144104334 -0.439070785741
33.827061649319454 -3.48348949055 -6.89189889321 -3.36892953275 -0.437852951788
33.86709367493995 -3.75184716924 -6.49974713402 -3.38674736031 -0.45538167112
33.90712570056045 -4.00261474272 -6.01243423006 -3.40562796398 -0.490801327013
33.94715772618095 -4.23192197626 -5.42743568172 -3.42626878008 -0.543139448296
33.98718975180144 -4.43586526066 -4.7457577524 -3.44932274741 -0.611112357243
34.027221777421936 -4.61066507331 -3.97269666938 -3.47538215879 -0.69294810499
34.06725380304243 -4.75284777602 -3.11828271343 -3.50495645271 -0.78626437968
34.10728582866293 -4.85943689437 -2.19728163727 -3.5384467473 -0.888034747074
34.14731785428343 -4.92813404777 -1.22867468173 -3.57612117231 -0.994663536401
34.18734987990392 -4.95746912848 -0.23463722995 -3.61809528606 -1.1021640092
34.22738190552442 -4.94689977029 0.760900713201 -3.66432150126 -1.20641531232
34.267413931144915 -4.89684950264 1.73390576185 -3.71458926759 -1.30344487664
34.30744595676541 -4.80867813857 2.66189394099 -3.76853632149 -1.38968171426
34.34747798238591 -4.68459036796 3.52534534904 -3.82566848665 -1.46212528655
34.38751000800641 -4.52749474804 4.30870333445 -3.88538401093 -1.51839508679
34.4275420336269 -4.34083568647 5.00086328901 -3.94699702897 -1.55665687504
34.4675740592474 -4.12841166225 5.59515609343 -4.00975635935 -1.57543879412
34.507606084867895 -3.89420678306 6.0888947651 -4.07285505653 -1.57338274867
34.54763811048839 -3.64224483988 6.48261655244 -4.13542958867 -1.54897481097
34.58767013610889 -3.37647905833 6.77918353033 -4.19654872897 -1.50031042864
34.62770216172938 -3.10071634335 6.98286250627 -4.25519426747 -1.42492821006
34.66773418734988 -2.81857808952 7.09851553537 -4.31023693294 -1.31974918566
34.70776621297038 -2.53349032332 7.13099828746 -4.36041287104 -1.18114136643
34.747798238590875 -2.24869170648 7.08476583305 -4.40430461691 -1.00510599736
34.78783026421137 -1.96725311208 6.96373459616 -4.44033226625 -0.78758711195
34.82786228983186 -1.69209827801 6.77137446375 -4.46675885181 -0.524884687337
34.86789431545236 -1.42601658993 6.51101815954 -4.48171512198 -0.214151688169
34.90792634107286 -1.17165940666 6.18626819871 -4.4832430759 0.14610167895
34.947958366693356 -0.931520255716 5.80150588003 -4.46936065392 0.555513912429
34.987990392313854 -0.707893772352 5.36235926483 -4.43814397517 1.01148629349
35.028022417934345 -0.50281807892 4.87605906683 -4.38782199132 1.50896457594
35.06805444355484 -0.318006706549 4.35159895703 -4.31687540825 2.04044719122
35.10808646917534 -0.154778946752 3.79964464501 -4.22413016762 2.59625384229
35.14811849479584 -0.0139991830253 3.23217677799 -4.10883500114 3.1650491227
35.188150520416336 0.103964678735 2.66189925996 -3.97071369188 3.73457411244
35.22818254603683 0.199255351281 2.10149383261 -3.80998506194 4.29249545155
35.268214571657325 0.272509521676 1.5628238727 -3.6273487177 4.82726778928
35.30824659727782 0.324810074327 1.05620943937 -3.42393776354 5.32889063845
35.34827862289832 0.357612492078 0.589871419725 -3.20124493641 5.78947069419
35.38831064851882 0.372653587554 0.16961205148 -2.9610311671 6.20353212182
35.42834267413931 0.371852579297 -0.201247046538 -2.70522700628 6.56806298129
35.468374699759806 0.357214575401 -0.521689910087 -2.43583708709 6.88232533877
35.508406725380304 0.330744982977 -0.792646080093 -2.15485602589 7.14748484922
35.5484387510008 0.294380907276 -1.01651227786 -1.86420160489 7.36612818694
35.5884707766213 0.249942932227 -1.19662421309 -1.56566839112 7.54173612895
35.62850280224179 0.199108038282 -1.33673660067 -1.26090235652 7.67816877913
35.66853482786229 0.143402484209 -1.44055277993 -0.951395207178 7.77920252356
35.708566853482786 0.0842120075822 -1.51133180931 -0.638495720862 7.84814482925
35.748598879103284 0.0228060066447 -1.55158346961 -0.323434774017 7.88753613865
35.78863090472378 -0.0396278750999 -1.56285519027 -0.00736052557642 7.89894199714
35.82866293034427 -0.101942498694 -1.54560912579 0.308619898327 7.8828331538
35.86869495596477 -0.162986772511 -1.49918702402 0.623395586418 7.8385510486
35.90872698158527 -0.221561547903 -1.42186192696 0.935807353025 7.76435764932
35.948759007205766 -0.276379319784 -1.31097787797 1.24460693038 7.65757091481
35.98879103282626 -0.326031362855 -1.1631800907 1.54842338294 7.51478862817
36.028823058446754 -0.368965882489 -0.974736470082 1.84574025068 7.33220207498
36.06885508406725 -0.403480776266 -0.741946034251 2.13488697454 7.10599608843
36.10888710968775 -0.427734345759 -0.461619568292 2.41404794889 6.83282227513
36.14891913530825 -0.439776174251 -0.131603611106 2.68129149252 6.51031835747
36.188951160928745 -0.43759916472 0.248697120697 2.93461988171 6.13763075031
36.228983186549236 -0.419211383843 0.677861562171 3.17203932726 5.71587932364
36.269015212169734 -0.382723939406 1.15212243302 3.39164637479 5.24850053415
36.30904723779023 -0.326448272346 1.66523454166 3.59172436759 4.74139741706
36.34907926341073 -0.248994064399 2.20858473613 3.7708412801 4.20284828585
36.38911128903123 -0.149357435428 2.77156189933 3.92793848427 3.64314808697
36.42914331465172 -0.0269897064295 3.34214888926 4.06240020713 3.07401057553
36.469175340272216 0.118160916137 3.907670904 4.17409517468 2.50778668858
36.50920736589271 0.28563899104 4.45559090148 4.26338489314 1.95660015159
36.54923939151321 0.47450225948 4.97423382166 4.33109759877 1.43151505575
36.58927141713371 0.683367945172 5.453339746 4.37847127523 0.941838335185
36.62930344275421 0.910476448914 5.88437242167 4.40707292479 0.494640676588
36.6693354683747 1.15376206643 6.26055949518 4.41870370593 0.0945356917485
36.709367493995195 1.41092025605 6.57668854623 4.4153004482 -0.256286216665
36.74939951961569 1.67946274443 6.82871787928 4.398843076 -0.557805835625
36.78943154523619 1.95675481215 7.0132872032 4.37127542528 -0.811768170674
36.82946357085669 2.24003243741 7.12721696776 4.33444433687 -1.0211881689
36.86949559647718 2.52640064356 7.16708333616 4.29005917041 -1.18983718967
36.90952762209768 2.81281747588 7.12893872856 4.23967131138 -1.32176486135
36.949559647718175 3.09607090475 7.00823241287 4.18467101556 -1.42089988897
36.98959167333867 3.37275680537 6.79997275191 4.12629886655 -1.49075936058
37.02962369895917 3.63926886918 6.49913528239 4.06566600373 -1.53428024192
37.06965572457966 3.89180924421 6.10129956671 4.00377850197 -1.55377599113
37.10968775020016 4.12642875337 5.60347528699 3.94156117682 -1.55101402908
37.14971977582066 4.33910245839 5.00503334764 3.87987621534 -1.52739415524
37.189751801441155 4.52584288898 4.30862519214 3.81953309379 -1.48419715206
37.22978382706165 4.68284814355 3.52094433309 3.76128764314 -1.42286159018
37.26981585268214 4.80667296905 2.65317746922 3.70583074855 -1.34523353889
37.30984787830264 4.89441091619 1.72101668292 3.65376807614 -1.25374698218
37.34987990392314 4.94386633348 0.744150654302 3.60559473825 -1.15149077705
37.389911929543636 4.95369555099 -0.254760836789 3.56166990346 -1.04214481691
37.429943955164134 4.92349774281 -1.25152676979 3.5221965614 -0.929795775168
37.469975980784625 4.85384348456 -2.22209942783 3.48721032233 -0.818669158169
37.51000800640512 4.74623503357 -3.14424820013 3.45657981467 -0.712833098359
37.55004003202562 4.6030034443 -3.99900068465 3.43001848937 -0.615934602161
37.59007205764612 4.42715558141 -4.77166246575 3.40710551 -0.531018829443
37.630104083266616 4.22219317744 -5.45231865986 3.38731134056 -0.460458064956
37.67013610888711 3.99191768813 -6.03581970702 3.37002457634 -0.405991859073
37.710168134507605 3.74024925998 -6.52131940927 3.35457468773 -0.368857791249
37.7502001601281 3.47106732164 -6.91148621224 3.34024867734 -0.34998115295
37.7902321857486 3.18809025899 -7.21156577424 3.32629931393 -0.350176672381
37.8302642113691 2.89479130415 -7.42840726604 3.31194582804 -0.370333569959
37.87029623698959 2.59435211491 -7.56956170129 3.29636791314 -0.411556515965
37.910328262610086 2.2896509518 -7.6425533431 3.27869534641 -0.475241182963
37.950360288230584 1.98327494037 -7.65432489808 3.25799593549 -0.563084069352
37.99039231385108 1.67755096202 -7.61088645495 3.23326443688 -0.677023607161
38.03042433947158 1.37458691833 -7.51715373738 3.2034150252 -0.819118391902
38.07045636509207 1.07631626907 -7.37696517539 3.16728004998 -0.99136794797
38.11048839071257 0.784537891177 -7.1932186766 3.12361649919 -1.19549863506
38.150520416333066 0.500949413109 -6.96812887384 3.07112172602 -1.43271989595
38.190552441953564 0.227168081553 -6.70355308912 3.00845921329 -1.70347597916
38.23058446757406 -0.0352619848045 -6.40135025612 2.93429385574 -2.00721564127
38.27061649319455 -0.284877084224 -6.06373314642 2.84733577119 -2.34220687265
38.31064851881505 -0.52031434973 -5.69357316291 2.74639002595 -2.70542363242
38.35068054443555 -0.740342972176 -5.29462381833 2.63040928439 -3.09252576536
38.390712570056046 -0.943902030523 -4.87162784539 2.49854488452 -3.49795141922
38.43074459567654 -1.13014011486 -4.43029356853 2.35019201857 -3.91512385065
38.470776621297034 -1.29845126815 -3.97713830727 2.18502444699 -4.33676228355
38.51080864691753 -1.44850217195 -3.51921631768 2.00301502548 -4.75527003125
38.55084067253803 -1.58024677474 -3.06376533772 1.80443987398 -5.16316139221
38.59087269815853 -1.69392606966 -2.61781739555 1.58986563139 -5.55348172913
38.630904723779025 -1.7900522788 -2.18782340986 1.3601206308 -5.92017469312
38.67093674939952 -1.86937882183 -1.77933755465 1.11625283507 -6.2583584923
38.710968775020014 -1.93285968675 -1.39679662393 0.859479205905 -6.56448744475
38.75100080064051 -1.98160176171 -1.0434221738 0.591130855942 -6.83637957814
38.79103282626101 -2.01681679843 -0.721222167067 0.312600238525 -7.07314657486
38.83106485188151 -2.03977437225 -0.431107687371 0.0252923273416 -7.27501172023
38.871096877502005 -2.05176163347 -0.173085335903 -0.269415128344 -7.44306429344
38.911128903122496 -2.05405205541 0.0534965722217 -0.570200434875 -7.57897251052
38.95116092874299 -2.0478843005 0.249679100163 -0.875815331461 -7.68468599323
38.99119295436349 -2.03445213708 0.416621923407 -1.18509035449 -7.76214772237
39.03122497998399 -2.01490445088 0.555352373351 -1.49692963468 -7.81303438297
39.07125700560449 -1.99035565212 0.666550083198 -1.8102950355 -7.83853974799
39.11128903122498 -1.96190280313 0.750375426003 -2.12418368304 -7.83920515354
39.151321056845475 -1.93064893188 0.806349997773 -2.43759940494 -7.81480487111
39.19135308246597 -1.89773019245 0.833296280466 -2.74952054481 -7.76429183101
39.23138510808647 -1.86434397321 0.829341918131 -3.05886707566 -7.68580773488
39.27141713370697 -1.8317753584 0.791993044256 -3.36446959937 -7.57676162876
39.31144915932746 -1.80141905916 0.718286524123 -3.66504310991 -7.43398620534
39.35148118494796 -1.77479432182 0.605024781691 -3.95916772167 -7.25397502834
39.391513210568455 -1.75354798233 0.449086026653 -4.24528153728 -7.03319280437
39.43154523618895 -1.73944391314 0.247814213096 -4.52168691003 -6.76846239528
39.47157726180945 -1.73433584906 -0.000544350517139 -4.7865732187 -6.45739435998
39.51160928742994 -1.74012181347 -0.296378655553 -5.03805761853 -6.0988368135
39.55164131305044 -1.75868072098 -0.638275848911 -5.27424295542 -5.69329278201
39.59167333867094 -1.79179283608 -1.02266490246 -5.49329091979 -5.24324815981
39.631705364291435 -1.84104811469 -1.44359373628 -5.69350591585 -4.75335538302
39.67173738991193 -1.90774972604 -1.8926932046 -5.8734219942 -4.23041869968
39.71176941553242 -1.9928199047 -2.35935174993 -6.03188514577 -3.68315667533
39.75180144115292 -2.09671739256 -2.83109918514 -6.16812131824 -3.12174552109
39.79183346677342 -2.21937363969 -3.2941642683 -6.28178256248 -2.55718253902
39.831865492393916 -2.36015360334 -3.73413673713 -6.37296554783 -2.00054733413
39.871897518014414 -2.51784406646 -4.13666388603 -6.44219940715 -1.46224178497
39.911929543634905 -2.69066926036 -4.48807721829 -6.49040475074 -0.951331341297
39.9519615692554 -2.87632878579 -4.77591355926 -6.5188296068 -0.475038243304
39.9919935948759 -3.07205383824 -4.98928390564 -6.52896906601 -0.0384554629776
40.0320256204964 -3.27467524774 -5.1190982425 -6.52247810216 0.355510703988
40.072057646116896 -3.48069805806 -5.15818442116 -6.50108638348 0.705997589153
40.11208967173739 -3.68637949724 -5.101347795 -6.46652212093 1.01388668671
40.152121697357884 -3.88780948269 -4.94542684485 -6.42044961665 1.2814106528
40.19215372297838 -4.08099338745 -4.68938393744 -6.36442387193 1.51173486159
40.23218574859888 -4.26193992476 -4.33444738892 -6.29986121307 1.70856442762
40.27221777421938 -4.4267551689 -3.88428959619 -6.22802421905 1.87581558282
40.31224979983987 -4.57174417083 -3.34520431209 -6.15001874097 2.01737627137
40.352281825460366 -4.69351844619 -2.72621859747 -6.06679822333 2.13695546145
40.392313851080864 -4.78910556978 -2.03907408309 -5.97917252252 2.23801209808
40.43234587670136 -4.85605456753 -1.29802152167 -5.88781830798 2.32374344873
40.47237790232186 -4.8925280658 -0.519383744899 -5.79328909159 2.39711096204
40.51240992794235 -4.89737346649 0.279084636918 -5.69602393804 2.46087695852
40.55244195356285 -4.8701637749 1.07902776932 -5.59635468621 2.51764073023
40.592473979183346 -4.81120359896 1.86240964027 -5.49451199768 2.56986043731
40.632506004803844 -4.72149766508 2.61243632213 -5.39063081308 2.6198600035
40.67253803042434 -4.60268423195 3.31437309416 -5.28475580208 2.66982391202
40.71257005604484 -4.4569393354 3.95616990514 -5.1768471615 2.72178599248
40.75260208166533 -4.28686108512 4.52884647662 -5.06678687359 2.77761798624
40.79263410728583 -4.09534289201 5.02660260593 -4.95438538233 2.83902164358
40.832666132906326 -3.88544860176 5.44669956206 -4.83938847313 2.90752518322
40.87269815852682 -3.66029541962 5.78914175793 -4.72148425319 2.98448200819
40.91273018414732 -3.42295285628 6.05622826061 -4.60031017423 3.07106838526
40.95276220976781 -3.17636090824 6.25204167441 -4.47546024714 3.16827719504
40.99279423538831 -2.92326906255 6.38193299759 -4.34649260687 3.27690517085
41.03282626100881 -2.66619518315 6.45204095522 -4.21293770925 3.3975337248
41.072858286629305 -2.40740273186 6.46890355525 -4.07430748828 3.5305035235
41.1128903122498 -2.14889068923 6.4391254373 -3.93010550411 3.67588805152
41.152922337870294 -1.89239644658 6.36914597938 -3.77983813588 3.83346758926
41.19295436349079 -1.63940567072 6.26508306804 -3.62302677515 4.00270974435
41.23298638911129 -1.39116709513 6.13263841059 -3.45922059658 4.18275990357
41.27301841473179 -1.14871042782 5.97705422133 -3.288009372 4.37244359522
41.313050440352285 -0.912864915813 5.8031004564 -3.10903605805 4.57028455674
41.353082465972776 -0.684278209374 5.6150841886 -2.92200820617 4.77453757498
41.39311449159327 -0.46343451767 5.41686757173 -2.72670784163 4.98323592034
41.43314651721377 -0.250671960308 5.21188828843 -2.52299920212 5.19425069613
41.47317854283427 -0.0461992643249 5.00317811024 -2.31083384875 5.40535852582
41.51321056845477 0.149888353553 4.79337733903 -2.09025305479 5.6143136141
41.55324259407526 0.337593710933 4.58474580328 -1.8613872501 5.81891924822
41.593274619695755 0.517002631815 4.37917147252 -1.62445269432 6.01709434411
41.63330664531625 0.688269226234 4.17817973579 -1.37974566878 6.20693083374
41.67333867093675 0.85160160331 3.98294533545 -1.12763459935 6.38673873684
41.71337069655725 1.0072481542 3.79430933046 -0.868550663536 6.55507677134
41.75340272217774 1.15548463784 3.61280253928 -0.602977478648 6.71076757479
41.79343474779824 1.29660234293 3.43867638627 -0.331440470619 6.85289752716
41.833466773418735 1.43089758984 3.27194098214 -0.0544965107325 6.98080265564
41.87349879903923 1.55866322955 3.11240783345 0.227275262541 7.09404341877
41.91353082465973 1.68018122999 2.95974246712 0.513282251644 7.19236662332
41.95356285028022 1.79571814672 2.81351652392 0.802924727883 7.27566295206
41.99359487590072 1.90552249778 2.6732614148 1.09560054481 7.34392041142
42.03362690152122 2.00982406022 2.53852684295 1.39070836221 7.39717146467
42.073658927141715 2.10883589387 2.40893157995 1.68764810535 7.43544516997
42.11369095276221 2.20275801903 2.28421447373 1.98581998852 7.45871808184
42.1537229783827 2.29178317336 2.16427901879 2.28462147899 7.46686973564
42.1937550040032 2.37610421986 2.04923074054 2.58344255468 7.45964348663
42.2337870296237 2.45592270247 1.93940706124 2.88165973031 7.43661306358
42.273819055244196 2.53145862578 1.83539480982 3.1786286385 7.39715874019
42.313851080864694 2.60296062887 1.73803687448 3.47367595734 7.34045207295
42.353883106485185 2.67071616492 1.64842324923 3.76609090494 7.26545314114
42.39391513210568 2.73506079495 1.56786203304 4.05511702372 7.17092423031
42.43394715772618 2.79638608898 1.49783563378 4.33994478315 7.05545617116
42.47397918334668 2.85514538167 1.43993457054 4.61970555113 6.9175140338
42.514011208967176 2.911856361 1.39576761571 4.89346781606 6.75550362973
42.55404323458767 2.96709974819 1.36685381298 5.16023643159 6.56785512855
42.594075260208164 3.02151306541 1.35448730286 5.41895560581 6.35313115144
42.63410728582866 3.07577879038 1.35959678529 5.66851662384 6.11014250971
42.67413931144916 3.13060668724 1.3825898617 5.9077702804 5.83807864074
42.71417133706966 3.18670990355 1.42320168766 6.13554463262 5.53663681176
42.754203362690156 3.24477512092 1.48035849523 6.35066786534 5.20614060676
42.794235388310646 3.30542772972 1.55206950355 6.55199549947 4.84763573144
42.834267413931144 3.36919440328 1.63536393687 6.73844004397 4.46294849019
42.87429943955164 3.4364628882 1.72628280088 6.90900316655 4.05469905746
42.91433146517214 3.50744360066 1.81993935262 7.06280665712 3.62625834857
42.95436349079264 3.58213485388 1.91065093099 7.19912068638 3.18164793411
42.99439551641313 3.66029479266 1.99214056913 7.31738696599 2.72538691868
43.034427542033626 3.74142246561 2.05780435556 7.41723505622 2.26229313238
43.074459567654124 3.82475123391 2.10101440576 7.498489581 1.79726620757
43.11449159327462 3.90925415865 2.11545225586 7.5611691766 1.33506092713
43.15452361889512 3.9936629613 2.09544200912 7.60547648162 0.880077497823
43.19455564451561 4.076500685 2.03626943164 7.63177994129 0.436181208462
43.23458767013611 4.15612510479 1.93443754611 7.64059002302 0.00658327907301
43.274619695756606 4.23078214524 1.78788385945 7.63253121392 -0.406238631162
43.3146517213771 4.29866623418 1.59611340193 7.60831214922 -0.800556868034
43.3546837469976 4.3579844299 1.36025537684 7.56869603832 -1.17536408879
43.39471577261809 4.40702116884 1.08303620246 7.51447312056 -1.53030418305
43.43474779823859 4.44420043574 0.768674631943 7.44643633297 -1.8655776376
43.47477982385909 4.46814196918 0.422696645515 7.3653613565 -2.18183110837
43.514811849479585 4.47770892176 0.0516930975631 7.27199089074 -2.48004633269
43.55484387510008 4.47204475967 -0.336976575325 7.16702341377 -2.76143306063
43.594875900720574 4.45059749527 -0.735512283597 7.05110603656 -3.02733348052
43.63490792634107 4.41313053014 -1.1360141346 6.92483087337 -3.2791407081
43.67493995196157 4.35971993414 -1.53081453465 6.78873438051 -3.51823251054
43.71497197758207 4.29073894296 -1.91278195859 6.64329905399 -3.74591944318
43.755004003202565 4.20683118374 -2.27557842371 6.48895693351 -3.96340605475
43.795036028823056 4.10887464342 -2.61385820293 6.32609444937 -4.17176347102
43.83506805444355 3.99793916622 -2.92339825201 6.15505812947 -4.37191137735
43.87510008006405 3.87524008217 -3.20116012288 5.97616088332 -4.56460806523
43.91513210568455 3.74209059915 -3.44528733882 5.78968856267 -4.75044737686
43.95516413130505 3.5998554652 -3.65504530423 5.59590649933 -4.92986138919
43.99519615692554 3.4499080813 -3.83071610297 5.39506585946 -5.10312790266
44.035228182546035 3.29359247347 -3.97346019883 5.18740957524 -5.27038251706
44.07526020816653 3.13219122681 -4.08515992182 4.97317774428 -5.43163404859
44.11529223378703 2.96689985726 -4.16825549183 4.75261234675 -5.58678291555
44.15532425940753 2.7988077186 -4.22558449607 4.52596118219 -5.73564144655
44.19535628502802 2.62888512665 -4.26023242716 4.29348097094 -5.87795525549
44.23538831064852 2.45797617472 -4.27539989248 4.05543959321 -6.01342472988
44.275420336269015 2.28679643696 -4.27428969151 3.81211748263 -6.14172560475
44.31545236188951 2.11593479516 -4.26001523887 3.56380822982 -6.2625277775
44.35548438751001 1.94585849676 -4.23552986493 3.31081848031 -6.37551157018
44.3955164131305 1.77692061509 -4.20357568325 3.05346724963 -6.48038086747
44.435548438751 1.60936923066 -4.1666500958 2.79208477602 -6.57687280863
44.4755804643715 1.44335786046 -4.12698792132 2.52701101565 -6.66476401737
44.515612489991994 1.27895581585 -4.08655470096 2.25859404076 -6.74387296733
44.55564451561249 1.11615902359 -4.04704953068 1.98718837327 -6.81405977235
44.59567654123298 0.954900691771 -4.00991684515 1.71315330477 -6.87522287872
44.63570856685348 0.795060933962 -3.97635930643 1.43685155368 -6.92729420591
44.67574059247398 0.636476314291 -3.94735596339 1.158647984 -6.97023278884
44.715772618094476 0.478948402052 -3.92368033909 0.878908660793 -7.00401754024
44.755804643714974 0.322251615338 -3.90591572214 0.598000225276 -7.02864092085
44.79583666933547 0.166140584998 -3.89447073312 0.316289448603 -7.04410244555
44.83586869495596 0.0103568566919 -3.88959049745 0.0341430767567 -7.05040370083
44.87590072057646 -0.145364626044 -3.89136290168 -0.248072215086 -7.04754565044
44.91593274619696 -0.301289394556 -3.89972297981 -0.529989735878 -7.03552656709
44.955964771817456 -0.457677279162 -3.91445073528 -0.811242686707 -7.0143429438
44.995996797437954 -0.614776102965 -3.93516566749 -1.09146413513 -6.98399185299
45.036028823058444 -0.772815098426 -3.96131753121 -1.37028710574 -6.94447492363
45.07606084867894 -0.931997871964 -3.9921732445 -1.64734486472 -6.89580390513
45.11609287429944 -1.09249475905 -4.02680103103 -1.92227146074 -6.83800725417
45.15612489991994 -1.25443459543 -4.06405351413 -2.19470250471 -6.77113696218
45.196156925540436 -1.41789565032 -4.10255056954 -2.46427628533 -6.6952751678
45.236188951160926 -1.58289598486 -4.14066508982 -2.73063509422 -6.61053930522
45.276220976781424 -1.74938343617 -4.17651161493 -2.99342668144 -6.51708603995
45.31625300240192 -1.91722515871 -4.2079416637 -3.25230585543 -6.41511258643
45.35628502802242 -2.08619713824 -4.23254647144 -3.50693609856 -6.30485568347
45.39631705364292 -2.25597382483 -4.24767501549 -3.75699113647 -6.18658576183
45.43634907926341 -2.42611909354 -4.25046286197 -4.0021560885 -6.06059895738
45.476381104883906 -2.59607868014 -4.23787765322 -4.24212823156 -5.92720566018
45.516413130504404 -2.76517469772 -4.20678418211 -4.47661728266 -5.78671558339
45.5564451561249 -2.93260305385 -4.15403010246 -4.70534505994 -5.6394199459
45.5964771817454 -3.09743482255 -4.07655288474 -4.928044357 -5.48557158724
45.63650920736589 -3.25862231952 -3.9715057851 -5.14445698091 -5.32536414994
45.67654123298639 -3.4150105873 -3.83640091851 -5.35433094659 -5.15891104161
45.716573258606886 -3.56535483477 -3.66926469401 -5.55741685482 -4.98622507281
45.75660528422738 -3.70834421208 -3.46879827159 -5.75346349116 -4.80719974392
45.79663730984788 -3.84263196819 -3.2345333312 -5.94221271902 -4.62159311991
45.83666933546837 -3.96687108704 -2.96697301987 -6.12339382901 -4.42901484738
45.87670136108887 -4.07975679714 -2.66769958093 -6.29671729168 -4.22891822706
45.91673338670937 -4.18007074681 -2.339446802 -6.46186847143 -4.02059583322
45.956765412329865 -4.26672718179 -1.98611543667 -6.61850124046 -3.80318141263
45.99679743795036 -4.33881890514 -1.61271985282 -6.76623178189 -3.57565924549
46.036829463570854 -4.39566009977 -1.22528080689 -6.90463286637 -3.33687982084
46.07686148919135 -4.43682322636 -0.830644656657 -7.0332289791 -3.08558551799
46.11689351481185 -4.4621674238 -0.436241101875 -7.15149268597 -2.82044734575
46.15692554043235 -4.4718563128 -0.0497951339329 -7.25884269615 -2.5401139158
46.196957566052845 -4.46636314736 0.320995410104 -7.35464422692 -2.24327504868
46.236989591673336 -4.44646319416 0.668792576393 -7.43821216059 -1.9287393843
46.27702161729383 -4.41321286112 0.986944632178 -7.5088175638 -1.59552602185
46.31705364291433 -4.36791601791 1.26978490264 -7.56569816786 -1.24296766466
46.35708566853483 -4.3120794707 1.51288545286 -7.60807303826 -0.870819646486
46.39711769415533 -4.24735911159 1.71324934331 -7.63516172771 -0.479367461915
46.43714971977582 -4.17549997872 1.86943178757 -7.64620746227 -0.0695220126348
46.477181745396315 -4.09827303047 1.98158402633 -7.64050367117 0.357108589646
46.51721377101681 -4.01741165833 2.05141150451 -7.61742286886 0.798184869861
46.55724579663731 -3.93455181835 2.08205870364 -7.57644569043 1.250645693
46.59727782225781 -3.8511780518 2.07791739167 -7.51718869852 1.7107715323
46.6373098478783 -3.76857819269 2.04437272507 -7.43942870653 2.17430121645
46.6773418734988 -3.68780900524 1.98750103518 -7.3431215623 2.63659802612
46.717373899119295 -3.60967627574 1.91375063076 -7.22841254765 3.09284803691
46.75740592473979 -3.534725349 1.82961068698 -7.09563978878 3.53827982874
46.79743795036029 -3.4632460707 1.74130339817 -6.94532795951 3.96838245565
46.83746997598078 -3.39528926159 1.65451755733 -6.7781736792 4.37910141535
46.87750200160128 -3.33069228685 1.57419823385 -6.59502403541 4.76699634208
46.91753402722178 -3.26911189775 1.50440392934 -6.39684968186 5.12934848463
46.957566052842274 -3.21006148126 1.44823317656 -6.18471468106 5.46421365058
46.99759807846277 -3.15294979425 1.4078201562 -5.95974537732 5.77041894901
47.03763010408327 -3.09711868924 1.38438577146 -5.72310037198 6.04751384585
47.07766212970376 -3.0418778177 1.37833663616 -5.47594328283 6.29568194346
47.11769415532426 -2.98653478072 1.38939346373 -5.21941949186 6.51562920634
47.157726180944756 -2.93041954657 1.41673766057 -4.95463784005 6.70845865596
47.197758206565254 -2.87290319903 1.45916136414 -4.68265712784 6.87554423474
47.23779023218575 -2.81341062148 1.51521215051 -4.40447765877 7.01841161625
47.27782225780624 -2.75142756936 1.5833242482 -4.12103737079 7.13863274354
47.31785428342674 -2.68650273491 1.66193066765 -3.83321193521 7.23773850241
47.35788630904724 -2.61824598241 1.74955465794 -3.54181775014 7.31715035045
47.397918334667736 -2.54632329795 1.84487944728 -3.24761733564 7.37813125917
47.437950360288234 -2.47044933428 1.94679751525 -2.95132636741 7.42175438302
47.477982385908724 -2.39037836193 2.05444044198 -2.65362164081 7.44888811314
47.51801441152922 -2.3058943872 2.16719112195 -2.35514932433 7.46019561946
47.55804643714972 -2.21680111536 2.28468122049 -2.05653296689 7.45614623426
47.59807846277022 -2.12291226255 2.40677573395 -1.75838085617 7.43703702461
47.638110488390716 -2.02404268652 2.53354690346 -1.46129236527 7.40302264429
47.678142514011206 -1.92000078553 2.66523863109 -1.16586291523 7.35415246854
47.718174539631704 -1.81058246118 2.80222399614 -0.872687354966 7.29041287922
47.7582065652522 -1.69556699508 2.94495691221 -0.582361470098 7.2117736934
47.7982385908727 -1.57471461516 3.09392077362 -0.29548190071 7.11823629909
47.8382706164932 -1.44776643132 3.2495738163 -0.0126438572906 7.00988309931
47.87830264211369 -1.31444647981 3.41229363084 0.265563058303 6.88692580611
47.918334667734186 -1.17446673163 3.58232362748 0.538561604245 6.74974915731
47.958366693354684 -1.02753270349 3.75972583919 0.805793450797 6.59894503598
47.99839871897518 -0.873351778309 3.94432846692 1.06672911787 6.4353486303
48.03843074459568 -0.711643546769 4.13569213146 1.3208773359 6.26004863113
48.07846277021617 -0.5421512059 4.33307293642 1.56779584479 6.07439561209
48.11849479583667 -0.364654207538 4.53539883042 1.80710136194 5.87998900033
48.158526821457166 -0.178981743001 4.74124976888 2.03847908029 5.67865201547
48.19855884707766 0.0149726943332 4.94884018768 2.26169149647 5.47239430268
48.23859087269816 0.217236957656 5.15601296169 2.47658401703 5.2633552781
48.27862289831865 0.427744569783 5.36022718404 2.68308935392 5.0537412422
48.31865492393915 0.646319853762 5.55854807321 2.8812287385 4.84575901724
48.35868694955965 0.872661403088 5.74763291945 3.07111055529 4.64154253273
48.398718975180145 1.10632534945 5.92371402853 3.25292605389 4.44308416592
48.43875100080064 1.34670838452 6.08257981628 3.42694239672 4.25217489442
48.478783026421134 1.59302939248 6.21955644681 3.59349354425 4.07035288496
48.51881505204163 1.84431069647 6.32949828079 3.75296924772 3.89886693939
48.55884707766213 2.09935930113 6.40679651364 3.90580309263 3.73865401983
48.59887910328263 2.35674901553 6.44541767344 4.05245979425 3.59033161715
48.638911128903125 2.61480489375 6.43898614986 4.19342245853 3.45420349413
48.678943154523616 2.8715920806 6.38092730911 4.32918031453 3.33027642638
48.71897518014411 3.1249121943 6.2646876837 4.46021731991 3.21828364993
48.75900720576461 3.37230982677 6.08403398363 4.58700170916 3.11771044483
48.79903923138511 3.61109270073 5.83343664042 4.70997656528 3.02781920157
48.83907125700561 3.83836854024 5.50852685303 4.82955132738 2.94767020686
48.8791032826261 4.05110161438 5.10660506689 4.94609403186 2.87613598314
48.919135308246595 4.24619066781 4.6271540449 5.05992397941 2.81190891344
48.95916733386709 4.42056491454 4.0722981973 5.17130457788 2.753504992
48.99919935948759 4.57129697194 3.44715713389 5.28043634717 2.69926545484
49.03923138510809 4.69572925561 2.75999785154 5.38744991734 2.64735988599
49.079263410728586 4.79159636261 2.02218679526 5.49239931023 2.5957937604
49.11929543634908 4.85714533266 1.24786288627 5.59525560489 2.54241825991
49.159327461969575 4.89123520205 0.453359747779 5.69590095252 2.48494143245
49.19935948759007 4.89341046582 -0.343561446978 5.79412300504 2.42093416449
49.23939151321057 4.86394005967 -1.1246162169 5.88960936942 2.34782542187
49.27942353883107 4.80381997814 -1.87191935811 5.98194159754 2.26288322888
49.31945556445156 4.71473980469 -2.56883327901 6.07058812738 2.16318227621
49.35948759007206 4.59901835988 -3.20065688946 6.15489579107 2.04556662502
49.399519615692554 4.4595156158 -3.75510310369 6.23407996326 1.90662323478
49.43955164131305 4.29953012859 -4.22255588564 6.30721425098 1.74268753925
49.47958366693355 4.12269223215 -4.59613168734 6.37322155372 1.54990301113
49.51961569255404 3.9328539124 -4.87160047349 6.43086855324 1.32435750574
49.55964771817454 3.7339846746 -5.04722107673 6.47876784948 1.06231142563
49.599679743795036 3.53007794937 -5.12356846487 6.51539073264 0.760505148756
49.639711769415534 3.32505970165 -5.10338386886 6.53909411123 0.41654582116
49.67974379503603 3.12270494867 -4.99147655691 6.54816313855 0.0293189452751
49.71977582065652 2.9265556828 -4.79466015031 6.54087084666 -0.400611275493
49.75980784627702 2.73984189798 -4.52169135511 6.51555206568 -0.870686673036
49.79983987189752 2.56540603697 -4.18316029171 6.4706869094 -1.37618350924
49.839871897518016 2.40563325635 -3.79128068077 6.40498781219 -1.91023539127
49.879903923138514 2.26239277805 -3.35954176842 6.31748125948 -2.46408142865
49.919935948759004 2.13699624046 -2.90221152636 6.20757504293 -3.02753443835
49.9599679743795 2.03017878874 -2.43371750496 6.07510276163 -3.5896235826
50.0 1.94210608436 -1.96797024845 5.92034050342 -4.13932687046
