Estación:       L.  MONTEBELLO,  CHIS
Operada por:    SMN EMAS
Longitud:       91°43'48"  Longitud: 16°06'52"  Altitud: 1492

DD/MM/AAAA HH:MM      DIRS      DIRR      VELS      VELR      TEMP        HR        PB      PREC   RADSOL    TEMPCOMB     HUMCOMB     HUMSUBS    TEMPSUBS
26/01/2018 17:00          59          80       10.00       49.30        14.5         100       855.5         0.6       169.5        16.1         100          66        17.0
26/01/2018 18:00          60          72        9.23       55.10        14.5         100       855.0         0.0       151.3        16.1         100          66        17.0
26/01/2018 19:00          62          77        9.51       45.40        14.9         100       854.2         0.0       182.0        16.7         100          66        17.0
26/01/2018 20:00          55          42        7.65       31.70        15.3         100       853.4         0.0       134.2        16.8          99          66        17.0
26/01/2018 21:00          62          43        6.13       33.10        15.2         100       852.9         0.0        75.7        16.1         100          66        17.0
26/01/2018 22:00          66          92        6.58       40.30        15.0         100       852.8         0.0        32.5        15.4         100          66        17.0
26/01/2018 23:00          70          66        6.80       41.40        14.5         100       852.9         0.0         4.7        14.7         100          66        17.0
27/01/2018 00:00          63          69        7.29       32.80        14.3         100       853.2         0.0         0.0        14.3         100          66        17.0
27/01/2018 01:00          62          37        9.40       37.10        14.2         100       853.6         0.0         0.0        14.2         100          66        17.0
27/01/2018 02:00          59          68        9.36       39.20        14.2         100       854.0         0.6         0.0        14.2         100          66        17.0
27/01/2018 03:00          58          74       10.71       40.70        13.9         100       854.4         0.8         0.0        13.9         100          66        17.0
27/01/2018 04:00          58          63        7.55       47.20        13.9         100       854.4         0.2         0.0        14.0         100          66        17.1
27/01/2018 05:00          61          25        6.59       44.60        14.0         100       854.2         0.2         0.0        14.0         100          66        17.0
27/01/2018 06:00          55          50        6.72       29.90        13.9         100       853.9         0.4         0.0        14.0         100          66        17.0
27/01/2018 07:00          60         109        6.50       28.40        13.9         100       853.6         0.2         0.0        14.0         100          66        17.0
27/01/2018 08:00          57          39        6.17       26.60        13.9         100       853.0         0.6         0.0        14.0         100          66        17.0
27/01/2018 09:00          58          35        9.00       26.60        13.7         100       852.7         0.4         0.0        13.8         100          66        17.0
27/01/2018 10:00          58          79        7.32       30.20        13.5         100       852.5         0.2         0.0        13.6         100          66        17.0
27/01/2018 11:00          53          39        5.78       32.00        13.5         100       852.8         0.0         0.0        13.6         100          66        17.0
27/01/2018 12:00          57          99        6.89       26.60        13.5         100       853.1         0.0         0.3        13.6         100          66        17.0
27/01/2018 13:00          60          39        7.00       27.00        13.6         100       853.3         0.0        11.5        13.8         100          66        17.0
27/01/2018 14:00          55          18        8.93       25.20        13.8         100       853.8         0.2        47.2        14.3         100          66        16.8
27/01/2018 15:00          58          40        8.46       31.70        14.3         100       854.1         0.0       111.8        15.4         100          66        16.8
27/01/2018 16:00          55          41        7.02       25.90        14.8         100       854.0         0.0       152.2        16.2         100          66        16.8
27/01/2018 17:00          65          39        6.43       36.00        15.2         100       853.7         0.0       139.5        16.5         100          66        16.8
27/01/2018 18:00          65          42        5.84       31.70        15.1         100       853.2         0.0       109.7        16.3         100          66        16.8
27/01/2018 19:00          52          86        6.47       32.40        15.6         100       852.2         0.0       137.8        16.9         100          66        16.8
27/01/2018 20:00          61          63        6.61       30.20        15.8         100       851.3         0.0       128.2        17.2         100          66        16.8
27/01/2018 21:00          52          49        5.62       25.60        15.9         100       850.9         0.0        71.0        16.7         100          66        16.9
27/01/2018 22:00          60          44        5.99       26.60        16.3         100       851.1         0.0        76.0        16.9          99          66        17.0
27/01/2018 23:00          59          37        7.30       30.20        15.5         100       851.2         0.0        19.3        15.6         100          66        17.0
28/01/2018 00:00          60          40        7.57       31.70        15.0         100       851.7         0.0         0.3        14.8         100          66        17.0
28/01/2018 01:00          60          59        6.35       29.90        14.8         100       852.2         0.0         0.0        14.5         100          66        17.0
28/01/2018 02:00          64          60        7.59       36.00        14.7         100       852.7         0.0         0.0        14.6         100          66        17.0
28/01/2018 03:00          61         113        4.63       28.40        14.7         100       853.3         0.0         0.0        14.6         100          66        17.0
28/01/2018 04:00          56          43        6.64       29.20        14.7         100       853.5         0.0         0.0        14.7         100          66        17.0
28/01/2018 05:00          56          43        7.45       29.20        14.7         100       853.3         0.2         0.0        14.6         100          66        17.0
28/01/2018 06:00          55          43       11.24       32.40        14.5         100       852.9         0.0         0.0        14.4         100          66        17.0
28/01/2018 07:00          68          42        4.94       31.30        14.2         100       852.5         0.0         0.0        13.9         100          66        17.0
28/01/2018 08:00          56          42        5.63       25.90        14.2         100       852.0         0.0         0.0        14.2         100          66        16.9
28/01/2018 09:00          59          43        4.58       28.10        14.0         100       851.8         0.0         0.0        13.5         100          66        16.8
28/01/2018 10:00          66          43        2.52       25.90        13.7         100       852.0         0.2         0.0        13.4         100          66        16.8
28/01/2018 11:00          63          43        3.87       23.00        13.5         100       852.3         0.0         0.0        13.0         100          66        16.8
28/01/2018 12:00         156         142        0.95       24.80        13.1         100       852.8         0.0         0.3        12.7         100          66        16.8
28/01/2018 13:00          70          43        1.49       21.20        13.4         100       853.2         0.0        20.8        13.4         100          66        16.8
28/01/2018 14:00          79          40        3.38       25.60        14.3         100       853.8         0.0        46.0        14.9         100          66        16.7
28/01/2018 15:00          80          40        4.63       27.00        15.1         100       854.3         0.0       127.8        16.1         100          66        16.7
28/01/2018 16:00          75          41        5.44       25.90        15.5         100       854.3         0.0       159.3        16.9         100          66        16.7
28/01/2018 17:00          69          99        8.52       37.40        16.6         100       853.6         0.0       367.8        19.5         100          66        16.7
28/01/2018 18:00          69          41        8.14       34.20        16.6         100       852.9         0.0       185.5        18.2          99          66        16.7
28/01/2018 19:00          51         121       10.10       36.00        17.0         100       851.9         0.0       232.7        18.8          99          66        16.8
28/01/2018 20:00          54          28       11.55       40.30        17.9          94       851.1         0.0       155.0        18.8          99          66        16.8
28/01/2018 21:00          56          77       10.09       37.10        18.4          91       850.8         0.0       122.0        18.9          98          66        17.0
28/01/2018 22:00          61         135       10.96       30.60        17.5          96       850.7         0.0        74.5        17.7          99          66        17.0
28/01/2018 23:00          61         115        8.31       32.40        16.7          99       851.0         0.0        21.8        16.5         100          66        17.0
29/01/2018 00:00          60          69        7.73       38.50        16.0         100       851.5         0.0         0.3        15.6         100          66        17.2
29/01/2018 01:00          56          45        6.89       28.40        15.6         100       852.2         1.8         0.0        15.4         100          66        17.2
29/01/2018 02:00          56          40        5.24       24.10        15.3         100       853.1         2.4         0.0        15.3         100          66        17.2
29/01/2018 03:00          50          44        4.40       27.00        15.4         100       853.6         2.6         0.0        15.4         100          66        17.2
29/01/2018 04:00          73          36        3.90       23.40        15.3         100       853.8         0.8         0.0        15.4         100          66        17.3
29/01/2018 05:00          70          38        4.44       28.10        15.2         100       853.7         0.6         0.0        15.3         100          66        17.3
29/01/2018 06:00          89         138        2.47       22.70        15.2         100       853.5         0.2         0.0        15.3         100          66        17.3
29/01/2018 07:00          97         142        2.29       25.20        15.2         100       853.1         0.0         0.0        15.3         100          66        17.3
29/01/2018 08:00          96          40        2.33       24.50        15.1         100       852.5         0.2         0.0        15.2         100          66        17.3
29/01/2018 09:00          87         357        2.56       24.80        15.1         100       852.0         0.0         0.0        15.2         100          66        17.2
29/01/2018 10:00          80          86        4.35       22.70        15.1         100       852.0         0.8         0.0        15.2         100          66        17.2
29/01/2018 11:00          85         140        2.64       24.10        15.0         100       852.2         2.2         0.0        15.0         100          66        17.2
29/01/2018 12:00          72         124        5.09       36.40        14.9         100       852.6         0.8         0.0        15.0         100          66        17.2
29/01/2018 13:00          67          59        6.05       24.50        15.0         100       853.2         3.0        13.3        15.2         100          66        17.2
29/01/2018 14:00          86          60        5.74       34.20        15.2         100       853.9         4.6        44.2        15.6         100          66        17.2
29/01/2018 15:00          77         337        7.08       27.70        15.4         100       854.6         2.6        84.0        16.2         100          66        17.2
29/01/2018 16:00          69         116        9.95       43.60        15.4         100       854.7         0.6        99.8        16.2         100          66        17.2
29/01/2018 17:00          65          83        8.04       30.60        15.6         100       854.2         1.2       109.2        16.7         100          66        17.2
29/01/2018 18:00          62          63        9.14       40.70        15.8         100       853.7         0.4       120.8        16.9         100          66        17.2
29/01/2018 19:00          59          57        9.07       36.70        15.8         100       853.2         0.4       105.5        16.8         100          66        17.2
29/01/2018 20:00          74          64        8.15       38.90        15.8         100       852.7         2.8       122.8        16.8         100          66        17.2
29/01/2018 21:00          73         114        7.63       31.00        15.9         100       852.2         2.2       103.3        17.0         100          66        17.2
29/01/2018 22:00          65         116        8.36       34.20        15.5         100       852.5         9.4        25.5        15.7         100          66        17.2
29/01/2018 23:00          77          65        7.53       31.00        15.1         100       853.0         3.6        13.2        15.3         100          66        17.3
30/01/2018 00:00          67          72        9.85       45.40        15.1         100       853.5         4.8         0.2        15.2         100          66        17.3
30/01/2018 01:00          73          75       10.55       39.60        14.8         100       854.4        10.4         0.0        14.8         100          66        17.3
30/01/2018 02:00          71          79        8.42       44.60        14.5         100       855.3         7.0         0.0        14.5         100          66        17.3
30/01/2018 03:00          83         110        8.08       41.00        14.1         100       855.8         0.8         0.0        14.1         100          66        17.3
30/01/2018 04:00          90         338        7.58       50.80        13.6         100       856.0         0.6         0.0        13.6         100          66        17.2
30/01/2018 05:00          95         349        7.06       40.00        13.2         100       855.8         1.2         0.0        13.3         100          66        17.2
30/01/2018 06:00          91         127        6.45       33.80        13.0         100       856.0         2.0         0.0        13.1         100          66        17.2
30/01/2018 07:00          85          36        6.25       29.90        13.0         100       856.0         4.2         0.0        13.0         100          66        17.1
30/01/2018 08:00          88         343        6.37       41.40        12.9         100       855.1         1.6         0.0        12.9         100          66        17.0
30/01/2018 09:00          82          75        6.93       32.80        12.8         100       854.9         0.0         0.0        12.8         100          66        17.0
30/01/2018 10:00          72          44        6.03       29.20        12.8         100       855.0         0.4         0.0        12.9         100          66        17.0
30/01/2018 11:00          72          38        5.89       29.20        12.8         100       855.2         1.2         0.0        12.9         100          66        17.0
30/01/2018 12:00          80          44        5.05       28.80        12.6         100       855.5         1.0         0.0        12.8         100          66        16.9
30/01/2018 13:00          64          41        7.77       30.20        12.6         100       856.0         2.0         8.7        12.8         100          66        16.8
30/01/2018 14:00          69          84        7.61       34.90        12.7         100       856.8         3.8        41.0        13.1         100          66        16.8
30/01/2018 15:00          61          32        7.41       27.00        13.2         100       857.6         2.8       116.2        14.4         100          66        16.8
30/01/2018 16:00          65          82        6.49       32.40        13.6         100       857.7         2.4       140.0        15.0         100          66        16.7
30/01/2018 17:00          62          54        9.88       30.60        13.6         100       857.1         1.8       184.0        15.3         100          66        16.7
30/01/2018 18:00          76          44        5.60       35.60        13.5         100       856.3         1.8       118.3        14.7         100          66        16.7
30/01/2018 19:00          92         111        5.19       42.10        13.4         100       855.3         3.0        68.8        14.1         100          66        16.7
30/01/2018 20:00          88          39        6.92       28.40        12.9         100       854.6         5.8        49.0        13.4         100          66        16.8
30/01/2018 21:00         101          23        6.92       39.20        12.5         100       854.2         1.6        53.3        13.1         100          66        16.8
30/01/2018 22:00          79         116        7.50       33.80        12.2         100       854.3         1.6        49.2        12.8         100          66        16.8
30/01/2018 23:00          93         136        3.45       26.60        12.1         100       854.7         0.8        12.2        12.5         100          66        16.8
31/01/2018 00:00          80         136        3.80       27.00        11.9         100       855.1         0.4         0.0        12.1         100          66        16.8
31/01/2018 01:00          79         106        5.65       33.80        11.7         100       855.7         1.4         0.0        11.9         100          66        16.8
31/01/2018 02:00          78         136        4.83       20.90        11.5         100       856.4         1.4         0.0        11.6         100          66        16.7
31/01/2018 03:00          81         125        5.68       31.00        11.4         100       856.9         2.0         0.0        11.5         100          66        16.7
31/01/2018 04:00          90         107        3.90       27.70        11.3         100       857.1         2.0         0.0        11.4         100          66        16.7
31/01/2018 05:00          70          69        4.42       18.00        11.2         100       857.1         2.0         0.0        11.4         100          66        16.7
31/01/2018 06:00          69          43        3.22       28.10        11.2         100       856.8         1.8         0.0        11.3         100          66        16.6
31/01/2018 07:00          61          44        3.04       27.00        11.2         100       856.2         1.4         0.0        11.4         100          66        16.5
31/01/2018 08:00          59          44        3.84       27.00        11.1         100       855.8         1.4         0.0        11.3         100          66        16.5
31/01/2018 09:00          71          44        3.12       27.00        11.2         100       855.4         1.4         0.0        11.3         100          66        16.5
31/01/2018 10:00          66          41        3.75       28.40        11.1         100       855.1         0.6         0.0        11.3         100          66        16.3
31/01/2018 11:00          61         141        5.27       30.20        11.0         100       855.1         0.2         0.0        11.2         100          66        16.3
31/01/2018 12:00          60          44        4.28       27.00        11.0         100       855.3         0.4         0.7        11.2         100          66        16.3
31/01/2018 13:00          54          41        5.78       31.30        11.0         100       855.6         0.4        22.2        11.5         100          66        16.3
31/01/2018 14:00          62          58        7.77       31.30        11.3         100       856.1         0.2        69.3        12.2         100          66        16.3
31/01/2018 15:00          52          43        6.38       37.10        11.8         100       856.5         0.2       101.0        13.0         100          66        16.2
31/01/2018 16:00          53          93        8.96       29.90        12.2         100       856.4         0.2       182.3        13.9         100          66        16.2
31/01/2018 17:00          55          58        9.08       34.90        12.6         100       855.8         0.0       229.3        14.9         100          66        16.2
31/01/2018 18:00          59          42        8.17       33.80        12.9         100       855.0         0.0       200.3        15.0         100          66        16.2
31/01/2018 19:00          58          63       11.41       34.60        12.9         100       854.2         0.0       188.5        14.8         100          66        16.2
31/01/2018 20:00          60          53       13.10       35.30        13.0         100       853.2         0.0       191.3        15.1         100          67        16.3
31/01/2018 21:00          61          64       13.26       37.40        13.2         100       852.7         0.0       161.0        14.9         100          66        16.3
31/01/2018 22:00          64         121        8.31       37.10        12.9         100       852.7         0.0        77.3        14.1         100          66        16.3
31/01/2018 23:00          66          67       11.37       39.60        12.6         100       853.1         0.0        32.5        13.2         100          66        16.3
01/02/2018 00:00          68          81       11.70       33.80        12.3         100       853.3         0.0         0.7        12.5         100          66        16.4
01/02/2018 01:00          64          23       10.86       37.80        12.2         100       853.8         0.0         0.0        12.4         100          66        16.5
01/02/2018 02:00          62          75        8.90       28.80        12.0         100       854.5         0.0         0.0        12.2         100          66        16.4
01/02/2018 03:00          60          44        6.51       28.10        11.6         100       855.1         0.0         0.0        11.8         100          66        16.4
01/02/2018 04:00          61          43        8.23       32.80        11.3         100       855.1         0.0         0.0        11.5         100          66        16.3
01/02/2018 05:00          71         103        5.31       25.90        11.3         100       854.8         0.0         0.0        11.5         100          67        16.3
01/02/2018 06:00          61          33        6.76       30.60        11.3         100       854.5         0.0         0.0        11.5         100          67        16.3
01/02/2018 07:00          51          76        8.43       29.90        11.4         100       854.1         0.2         0.0        11.6         100          66        16.3
01/02/2018 08:00          56          40        4.81       30.60        11.3         100       853.7         0.0         0.0        11.5         100          67        16.3
01/02/2018 09:00          54          42        4.33       27.70        11.3         100       853.3         0.0         0.0        11.5         100          67        16.3
01/02/2018 10:00          33         136        1.00       21.60        11.5         100       853.3         0.0         0.0        11.5         100          66        16.2
01/02/2018 11:00          63          44        2.13       27.00        11.2         100       853.6         0.0         0.0        11.3         100          66        16.2
01/02/2018 12:00          59         136        2.43       25.60        11.4         100       853.9         0.0         0.7        11.6         100          66        16.2
01/02/2018 13:00          52          44        2.81       28.40        11.6         100       854.3         0.0        28.2        12.1         100          66        16.2
01/02/2018 14:00          59          42        4.90       27.00        12.6         100       854.6         0.0        78.0        13.5         100          66        16.1
01/02/2018 15:00          51          50        9.87       38.20        14.4         100       855.0         0.0       200.7        15.0         100          66        16.0
01/02/2018 16:00          69          65       11.72       42.80        16.9          99       855.1         0.0       419.3        18.9          98          66        16.0
01/02/2018 17:00          63          48       13.14       56.50        17.7          94       854.7         0.0       528.3        22.6          96          66        16.1
01/02/2018 18:00          66          73       12.22       46.40        18.2          90       853.9         0.6       762.0        25.0          94          66        16.2
01/02/2018 19:00          63          99       12.63       48.60        18.8          88       853.1         0.0       598.3        23.9          96          67        16.3
01/02/2018 20:00          69          48       13.32       44.60        18.2          90       852.6         0.0       211.5        20.0          98          66        16.4
01/02/2018 21:00          63          52       13.57       45.40        17.5          94       852.5         0.0       160.2        19.2          98          66        16.6
01/02/2018 22:00          64         105       11.36       42.10        16.4          99       852.7         0.0        85.7        17.5          99          66        16.7
01/02/2018 23:00          63         109       10.49       37.80        15.3         100       853.1         0.0        13.8        15.7         100          66        16.8
02/02/2018 00:00          64          50        8.43       42.10        14.8         100       853.8         0.0         0.2        15.0         100          66        16.8
02/02/2018 01:00          62          92        9.54       44.30        14.6         100       854.5         0.0         0.0        14.7         100          66        16.8
02/02/2018 02:00          56          60       11.99       47.90        14.6         100       855.1         0.0         0.0        14.7         100          66        16.8
02/02/2018 03:00          57          39        9.82       31.70        14.6         100       855.6         0.2         0.0        14.7         100          66        16.8
02/02/2018 04:00          66          68        6.17       39.20        14.6         100       855.8         0.0         0.0        14.7         100          66        16.8
02/02/2018 05:00          56          53        4.97       32.00        14.7         100       855.7         0.0         0.0        14.8         100          66        16.8
02/02/2018 06:00          61          38        6.25       33.80        14.5         100       855.5         0.0         0.0        14.6         100          66        16.8
02/02/2018 07:00          56          37        4.88       36.70        14.3         100       855.1         0.0         0.0        14.3         100          66        16.8
02/02/2018 08:00          53          40        5.15       28.40        14.1         100       854.7         0.0         0.0        14.2         100          66        16.8
02/02/2018 09:00          56          61        5.71       34.90        14.0         100       854.4         0.0         0.0        13.9         100          66        16.8
02/02/2018 10:00          61          39        5.37       26.60        13.9         100       854.5         0.0         0.0        13.9         100          66        16.8
02/02/2018 11:00          59          42        8.38       31.30        13.9         100       854.7         0.0         0.0        13.9         100          66        16.8
02/02/2018 12:00          63          39        4.82       27.70        14.0         100       855.2         0.0         0.2        14.0         100          66        16.7
02/02/2018 13:00          72         141        4.36       24.80        14.0         100       855.6         0.0         9.3        14.1         100          66        16.7
02/02/2018 14:00          64          43        6.40       26.60        14.1         100       856.1         0.0        37.3        14.6         100          66        16.7
02/02/2018 15:00          63          67        7.09       33.80        14.5         100       856.7         0.0        73.2        15.2         100          66        16.7
02/02/2018 16:00          63          75        5.40       15.10        14.9         100       856.8         0.0       104.0        16.0         100          66        16.7
